BASV    48.44775853     18.92101185     621.394 
BBYS    48.75179888     19.15099853     487.415 
BREZ    48.81050157     19.63800639     564.776 
DOPL    48.20610351     19.31827961     272.774 
GANP    49.03471072     20.32293112     746.033 
GKU4    48.15730131     17.17189585     195.466 
HUVO    47.87260410     18.19305271     159.026 
JABO    48.48565149     17.66502423     231.264 
KAME    48.93467335     21.99411794     216.400 
KOLS    48.93445272     22.27474411     484.978 
KOSE    48.75310418     21.24510612     291.866 
KUZA    49.22733050     18.73891901     390.600 
LIE1    49.36921096     19.67833116     737.125 
MOP2    48.37269350     17.27382995     581.115 
PEMB    48.63017766     18.34065544     254.119 
PRES    48.97600346     21.26470886     293.934 
RISA    48.37387107     20.00569370     261.233 
SKDS    47.99584273     17.60728733     170.853 
SKLM    49.07966693     19.61846003     641.666 
SKMT    49.08227492     18.93368006     444.719 
SKNR    48.31352098     18.08408568     211.193 
SKPB    49.11551340     18.44440975     342.678 
SKRV    48.65843607     20.52875944     351.470 
SKSE    48.68001266     17.37312121     258.736 
SKSK    49.30820284     21.57090305     299.495 
SKSL    49.30091342     20.68658009     606.132 
SKSV    48.99034378     22.15414916     274.275 
SKVT    48.88678228     21.68535031     174.965 
TELG    48.84841304     20.18768783     950.322 
TRCN    48.89478712     18.01774384     254.418 
TREB    48.61946231     21.71863184     170.424 
VELS    48.51271062     22.15280490     142.734 
