11.569354 48.120018 0.0 60 60
11.568053 48.120553 0.0 60 60
11.565401 48.119531 0.0 60 60
7.93 46.3 0.0 60 60
7.13579 46.15633 0.0 60 60
7.02 46.2 0.0 60 60
7.16 47.38 0.0 60 60
7.2 47.38 0.0 60 60
7.98 46.32 0.0 60 60
8.99 47.53 0.0 60 60
21.948052827 38.414173955 0.0 60 60
17.7728 49.93433 0.0 60 60
7.863 43.398667 0.0 60 60
5.801324 45.064487 0.0 60 60
7.2191 43.64387 0.0 60 60
13.700627 48.844303 0.0 60 60
25.24974 35.22672 0.0 60 60
25.24623 35.07685 0.0 60 60
23.93306 38.07794 0.0 60 60
22.791108 38.627687 0.0 60 60
23.39447 38.38777 0.0 60 60
21.423543 40.802113 0.0 60 60
21.398453 40.850275 0.0 60 60
21.58431 40.834563 0.0 60 60
21.359183 40.779542 0.0 60 60
21.457443 40.724207 0.0 60 60
10.3764 46.4694 0.0 60 60
15.5114 40.5573 0.0 60 60
13.216 37.578 0.0 60 60
11.8056 44.5808 0.0 60 60
15.8856 38.6068 0.0 60 60
13.176956 43.228783 0.0 60 60
19.5152 42.8505 0.0 60 60
26.609 48.2073 0.0 60 60
27.408 46.0605 0.0 60 60
26.9747 45.3801 0.0 60 60
24.1757 45.8099 0.0 60 60
21.663 46.2653 0.0 60 60
15.8179 38.1723 0.0 60 60
