15.433272 48.670613 0.0 60 60
12.5123 46.7474 0.0 60 60
15.5232 47.2505 0.0 60 60
13.6383 47.6913 0.0 60 60
15.8618 47.9282 0.0 60 60
15.8588 47.9282 0.0 60 60
9.8803 47.286701 0.0 60 60
10.7291 47.0211 0.0 60 60
13.3447 47.0784 0.0 60 60
14.132 48.055 0.0 60 60
12.677 47.4243 0.0 60 60
14.2659 47.8495 0.0 60 60
11.1037 47.3448 0.0 60 60
13.6416 46.6299 0.0 60 60
14.5489 46.5092 0.0 60 60
10.7623 47.4871 0.0 60 60
16.2963 47.6997 0.0 60 60
14.566836 47.11321 0.0 60 60
15.0327 46.678 0.0 60 60
11.2087 47.2205 0.0 60 60
16.347 48.66 0.0 60 60
16.3617 48.2483 0.0 60 60
11.5763 47.3357 0.0 60 60
16.07 48.11 0.0 60 60
11.6363 47.2638 0.0 60 60
19.5 42.05 0.0 60 60
20.005316 39.878303 0.0 60 60
19.8631 41.3472 0.0 60 60
22.675 43.6227 0.0 60 60
25.8751 42.9287 0.0 60 60
28.4162 43.4059 0.0 60 60
25.3396 41.630199 0.0 60 60
23.1287 41.841702 0.0 60 60
26.4941 43.8024 0.0 60 60
26.593 43.3701 0.0 60 60
23.7495 41.546902 0.0 60 60
23.740101 43.355999 0.0 60 60
23.4256 42.4762 0.0 60 60
24.6207 43.387 0.0 60 60
28.1359 43.637501 0.0 60 60
25.173201 43.1227 0.0 60 60
26.5079 43.5662 0.0 60 60
28.6057 43.5389 0.0 60 60
25.9762 43.265301 0.0 60 60
23.234301 42.614399 0.0 60 60
23.853684 42.064757 0.0 60 60
23.235 42.618 0.0 60 60
15.8597222 44.8086111 0.0 60 60
17.001111 43.8227778 0.0 60 60
17.1839 44.7488 0.0 60 60
18.9507 44.0862 0.0 60 60
6.054836 46.235876 0.0 60 60
8.25474 47.58771 0.0 60 60
6.95295 46.34176 0.0 60 60
7.69498 47.33578 0.0 60 60
6.46757 46.7872 0.0 60 60
10.02309 46.41363 0.0 60 60
8.424899 46.87033 0.0 60 60
7.2301 47.39363 0.0 60 60
6.472979 46.938 0.0 60 60
6.61184 46.78233 0.0 60 60
7.12129 47.1609 0.0 60 60
6.12055 46.29249 0.0 60 60
8.012475 47.23088 0.0 60 60
9.879519 46.7805 0.0 60 60
7.40839 46.08105 0.0 60 60
8.013579 47.43757 0.0 60 60
8.110509 46.4352 0.0 60 60
7.13579 46.15632 0.0 60 60
10.26355 46.62033 0.0 60 60
8.6629 46.45481 0.0 60 60
6.26545 46.53363 0.0 60 60
6.74125 46.51109 0.0 60 60
8.318863 46.57814 0.0 60 60
7.11106 46.25053 0.0 60 60
8.15117 46.75681 0.0 60 60
6.94038 46.21934 0.0 60 60
7.29096 46.63394 0.0 60 60
6.131509 46.43213 0.0 60 60
6.49025 46.66648 0.0 60 60
9.492699 47.2946 0.0 60 60
7.64433 46.37454 0.0 60 60
9.00825 46.84676 0.0 60 60
8.25262 47.71217 0.0 60 60
7.11229 45.95101 0.0 60 60
7.964089 46.05069 0.0 60 60
7.33701 47.29752 0.0 60 60
7.16525 47.37926 0.0 60 60
9.04171 45.92184 0.0 60 60
8.63706 46.96764 0.0 60 60
7.64884 47.50647 0.0 60 60
8.748279 46.59512 0.0 60 60
9.111708 46.82574 0.0 60 60
5.90792 46.19107 0.0 60 60
9.38076 47.04921 0.0 60 60
9.336009 47.5643 0.0 60 60
7.92093 47.47612 0.0 60 60
7.08645 47.30266 0.0 60 60
6.97302 46.14415 0.0 60 60
6.097039 46.06018 0.0 60 60
5.973429 46.06592 0.0 60 60
7.29938 46.36334 0.0 60 60
8.019579 46.23962 0.0 60 60
8.492359 47.76449 0.0 60 60
8.86899 47.66974 0.0 60 60
8.111869 47.52752 0.0 60 60
6.958739 46.77362 0.0 60 60
8.68161 47.6487 0.0 60 60
9.44956 46.48317 0.0 60 60
9.16648 46.2061 0.0 60 60
6.27815 46.45175 0.0 60 60
9.02207 46.42309 0.0 60 60
8.98681 47.52976 0.0 60 60
8.92525 47.09837 0.0 60 60
8.907529 47.41465 0.0 60 60
7.62418 46.66487 0.0 60 60
7.3688 46.99777 0.0 60 60
8.58088 47.36921 0.0 60 60
14.30955 48.81989 0.0 60 60
16.3222 50.3502 0.0 60 60
17.6707 48.8591 0.0 60 60
13.5782 49.1309 0.0 60 60
16.8341 50.0966 0.0 60 60
16.3952 49.0619 0.0 60 60
17.5425 49.7768 0.0 60 60
18.1399 49.8346 0.0 60 60
14.4331 50.0703 0.0 60 60
14.5417 49.9883 0.0 60 60
15.299556 49.029533 0.0 60 60
15.4871 49.2948 0.0 60 60
16.5933 49.3084 0.0 60 60
14.1923 49.4389 0.0 60 60
11.2795 48.142334 0.0 60 60
11.22 47.91 0.0 60 60
13.0275 47.6353 0.0 60 60
12.87726 47.720501 0.0 60 60
11.2473 48.1522 0.0 60 60
11.275473 48.162877 0.0 60 60
11.275394 48.162975 0.0 60 60
11.275561 48.162972 0.0 60 60
11.275332 48.162769 0.0 60 60
11.27502 48.162958 0.0 60 60
11.275565 48.16308 0.0 60 60
11.276804 48.165591 0.0 60 60
11.275476 48.162941 0.0 60 60
11.275065 48.162904 0.0 60 60
11.273684 48.164357 0.0 60 60
11.276289 48.164883 0.0 60 60
11.2514 48.1629 0.0 60 60
11.2635 48.1406 0.0 60 60
12.597187 48.121941 0.0 60 60
11.510058 48.067497 0.0 60 60
11.587935 48.077927 0.0 60 60
11.707375 48.070885 0.0 60 60
11.7188 47.979698 0.0 60 60
11.5171 48.0 0.0 60 60
12.795714 47.737167 0.0 60 60
12.841651 47.768345 0.0 60 60
11.7104 47.038399 0.0 60 60
11.288809 48.173897 0.0 60 60
11.731271 47.82613 0.0 60 60
8.177979 47.8716 0.0 60 60
8.846759 47.89518 0.0 60 60
7.70018 47.66038 0.0 60 60
9.1231 47.7528 0.0 60 60
11.2768 48.1639 0.0 60 60
13.700627 48.844303 0.0 60 60
13.700627 48.844303 0.0 60 60
13.71 48.83 0.0 60 60
10.1071 47.6799 0.0 60 60
7.737046 47.714035 0.0 60 60
7.852 48.000917 0.0 60 60
9.114723 48.070235 0.0 60 60
7.917178 47.955093 0.0 60 60
8.670929 48.153181 0.0 60 60
6.07608 46.309893 0.0 60 60
6.066212 46.266947 0.0 60 60
6.30842 46.346559 0.0 60 60
0.760999 45.573975 0.0 60 60
3.131 46.052 0.0 60 60
8.763 41.9279 0.0 60 60
5.3325 43.4917 0.0 60 60
5.8067 43.5882 0.0 60 60
5.984018 42.801468 0.0 60 60
3.451818 44.519686 0.0 60 60
4.1563 44.3689 0.0 60 60
6.045 43.951 0.0 60 60
6.256064 47.246936 0.0 60 60
1.7711 45.9568 0.0 60 60
5.6433 43.8009 0.0 60 60
6.9218 43.7528 0.0 60 60
3.111 45.763 0.0 60 60
6.860238 45.914306 0.0 60 60
3.8445 46.5581 0.0 60 60
6.6517 47.2484 0.0 60 60
3.09 43.135 0.0 60 60
2.932 45.435 0.0 60 60
3.6937 45.5004 0.0 60 60
6.7775 44.1095 0.0 60 60
7.3744 43.831 0.0 60 60
5.463089 47.505456 0.0 60 60
5.810501 47.104272 0.0 60 60
2.563 45.385 0.0 60 60
1.5912 46.5152 0.0 60 60
5.7439 45.2413 0.0 60 60
2.200888 46.173861 0.0 60 60
2.701 46.52 0.0 60 60
7.254296 47.683438 0.0 60 60
7.05 44.184 0.0 60 60
3.221365 43.969837 0.0 60 60
3.247 45.232 0.0 60 60
2.55412 44.76055 0.0 60 60
9.158 42.3337 0.0 60 60
6.9197 43.9671 0.0 60 60
6.033356 43.079525 0.0 60 60
5.7675 43.988 0.0 60 60
7.424688 43.730343 0.0 60 60
1.1953 44.3676 0.0 60 60
9.363 42.953 0.0 60 60
7.863 43.398667 0.0 60 60
7.153 43.896 0.0 60 60
7.20276 43.6802 0.0 60 60
6.220211 46.154234 0.0 60 60
5.571813 46.044786 0.0 60 60
6.539745 44.78784 0.0 60 60
5.096536 44.850137 0.0 60 60
5.549892 44.429092 0.0 60 60
5.088972 45.153917 0.0 60 60
6.712353 45.472393 0.0 60 60
5.069002 44.556977 0.0 60 60
6.2253 44.1093 0.0 60 60
4.611435 45.878365 0.0 60 60
6.709738 44.910273 0.0 60 60
6.074 44.3703 0.0 60 60
6.68308 45.20865 0.0 60 60
5.889317 45.881011 0.0 60 60
4.7522 46.3459 0.0 60 60
5.80467 45.060788 0.0 60 60
5.801324 45.064487 0.0 60 60
5.806072 45.06951 0.0 60 60
6.401519 45.036803 0.0 60 60
6.75611 46.0567 0.0 60 60
5.697244 45.609314 0.0 60 60
6.682073 46.329823 0.0 60 60
6.11233 44.81517 0.0 60 60
7.617472 44.116444 0.0 60 60
3.621 45.97 0.0 60 60
4.7442 46.95652 0.0 60 60
5.99295 45.23429 0.0 60 60
7.2191 43.64387 0.0 60 60
3.859081 43.715286 0.0 60 60
5.922489 46.759014 0.0 60 60
6.6472 47.71069 0.0 60 60
6.624517 45.688207 0.0 60 60
5.4837 43.9412 0.0 60 60
7.5532 43.986 0.0 60 60
5.1064 43.9377 0.0 60 60
3.618578 45.047528 0.0 60 60
2.1642 44.1912 0.0 60 60
9.2847 42.0945 0.0 60 60
7.2366 44.0558 0.0 60 60
6.601083 43.219667 0.0 60 60
6.811695 44.480935 0.0 60 60
6.30604 45.68879 0.0 60 60
3.9587 44.1054 0.0 60 60
6.4074 43.7471 0.0 60 60
7.3919 43.9749 0.0 60 60
4.892048 44.905697 0.0 60 60
2.483 45.749 0.0 60 60
7.27652 47.965735 0.0 60 60
4.542 45.279 0.0 60 60
5.675 44.9422 0.0 60 60
5.67059 44.939439 0.0 60 60
6.2549 43.3827 0.0 60 60
0.74017 44.9395 0.0 60 60
3.8589 47.2683 0.0 60 60
2.2175 43.3411 0.0 60 60
5.88 44.9183 0.0 60 60
8.9994 42.5483 0.0 60 60
1.51639 45.3044 0.0 60 60
22.07272 38.36543 0.0 60 60
23.5577 35.3692 0.0 60 60
23.0213 38.6926 0.0 60 60
23.7845 37.9665 0.0 60 60
22.9795 38.2569 0.0 60 60
24.437 38.0321 0.0 60 60
21.9785 38.2401 0.0 60 60
24.0428 35.5193 0.0 60 60
24.0585 34.8389 0.0 60 60
24.7995 34.9731 0.0 60 60
24.4632 35.3486 0.0 60 60
23.6248 35.2348 0.0 60 60
25.18017 35.304187 0.0 60 60
22.9939 36.2447 0.0 60 60
22.136 36.9261 0.0 60 60
25.4733 35.0429 0.0 60 60
23.7577 35.5604 0.0 60 60
26.0909 35.2021 0.0 60 60
25.0221 37.6541 0.0 60 60
23.30117 35.86704 0.0 60 60
25.52301 37.07274 0.0 60 60
23.71767 37.97384 0.0 60 60
21.133032 37.890629 0.0 60 60
21.8105 38.91657 0.0 60 60
24.08738 34.83914 0.0 60 60
25.0709 35.3058 0.0 60 60
24.89 35.288 0.0 60 60
23.9811 35.4606 0.0 60 60
21.92522 37.17872 0.0 60 60
20.84874 39.65616 0.0 60 60
27.16106 35.5471 0.0 60 60
19.79623 39.7127 0.0 60 60
22.15042 38.0435 0.0 60 60
25.3372 35.1801 0.0 60 60
23.0621 36.2566 0.0 60 60
21.327958 37.964976 0.0 60 60
24.100138 38.633147 0.0 60 60
21.78209 40.30331 0.0 60 60
25.18055 39.89725 0.0 60 60
23.385876 37.578529 0.0 60 60
23.329567 37.612669 0.0 60 60
21.576086 37.058679 0.0 60 60
23.22189 39.30567 0.0 60 60
27.17666 36.57441 0.0 60 60
25.61037 35.26134 0.0 60 60
23.86517 41.34846 0.0 60 60
23.44443 40.37328 0.0 60 60
24.550167 41.3525 0.0 60 60
23.8638 38.0473 0.0 60 60
25.53553 41.14503 0.0 60 60
21.46475 38.05586 0.0 60 60
24.81204 35.01777 0.0 60 60
24.5482 38.8831 0.0 60 60
25.53045 40.47094 0.0 60 60
21.274667 39.3445 0.0 60 60
25.475263 36.366992 0.0 60 60
22.0144 39.56468 0.0 60 60
24.1997 35.407 0.0 60 60
22.94686 36.71803 0.0 60 60
20.5886 38.17683 0.0 60 60
23.7942 37.8524 0.0 60 60
26.21691 35.1147 0.0 60 60
21.2135 38.9224 0.0 60 60
21.7089 37.5324 0.0 60 60
21.9209 38.5933 0.0 60 60
21.71 37.952 0.0 60 60
20.576 39.2492 0.0 60 60
22.9673 38.0228 0.0 60 60
21.1833 38.5986 0.0 60 60
21.4073 38.4124 0.0 60 60
21.0965 39.5299 0.0 60 60
21.525 38.616 0.0 60 60
21.742 36.8955 0.0 60 60
22.0566 38.4133 0.0 60 60
21.7864 38.2836 0.0 60 60
22.95812 39.00831 0.0 60 60
22.336 39.0211 0.0 60 60
25.39669 36.35839 0.0 60 60
26.046 40.885 0.0 60 60
23.8436 39.1478 0.0 60 60
26.0506 38.3869 0.0 60 60
25.4056 36.4709 0.0 60 60
21.386324 40.780935 0.0 60 60
22.401 40.957 0.0 60 60
23.0996 40.5978 0.0 60 60
20.3299 39.5315 0.0 60 60
20.632 38.462231 0.0 60 60
24.513666 40.99666 0.0 60 60
22.898 41.162 0.0 60 60
23.9992 40.8178 0.0 60 60
21.36321 39.95495 0.0 60 60
23.1502 37.383 0.0 60 60
22.48916 40.10333 0.0 60 60
20.65779 38.78893 0.0 60 60
21.0489 40.4147 0.0 60 60
27.17817 36.60233 0.0 60 60
23.9791 40.3325 0.0 60 60
23.6768 39.9363 0.0 60 60
20.7715 38.076 0.0 60 60
25.8553 39.2114 0.0 60 60
23.3539 40.8217 0.0 60 60
23.595 41.10866 0.0 60 60
24.7194 40.6064 0.0 60 60
22.2325 39.711 0.0 60 60
23.19178 39.36598 0.0 60 60
21.2397 48.2961 0.0 60 60
20.7258 46.3501 0.0 60 60
16.7755 46.4703 0.0 60 60
20.267 47.2996 0.0 60 60
19.0201 47.4831 0.0 60 60
18.2606 47.3631 0.0 60 60
17.3317 47.4162 0.0 60 60
18.0999 46.0883 0.0 60 60
21.9007 47.3849 0.0 60 60
18.6436 46.215 0.0 60 60
17.5348 47.1712 0.0 60 60
19.8934 47.9182 0.0 60 60
16.5567 47.6807 0.0 60 60
17.8877 46.9001 0.0 60 60
22.5391 48.1304 0.0 60 60
18.8477597 45.8542024 0.0 60 60
13.750296 44.905732 0.0 60 60
15.05747 43.99191 0.0 60 60
16.4488 43.1776 0.0 60 60
16.455717 46.131166 0.0 60 60
15.707297 43.866017 0.0 60 60
16.7544 45.6135 0.0 60 60
15.623055 44.878389 0.0 60 60
15.968193 45.907328 0.0 60 60
17.133 43.4944 0.0 60 60
17.848056 45.436024 0.0 60 60
15.986949 45.826997 0.0 60 60
15.8063 40.29722 0.0 60 60
16.70442 40.64907 0.0 60 60
10.153 44.166 0.0 60 60
7.8399 44.2416 0.0 60 60
10.0658 44.4913 0.0 60 60
10.5881 44.35047 0.0 60 60
7.70267 43.84617 0.0 60 60
10.757 44.045 0.0 60 60
8.9512 44.4712 0.0 60 60
8.06617 44.11217 0.0 60 60
7.326 44.2455 0.0 60 60
15.273819832 40.70713985 0.0 60 60
15.54308 41.75738 0.0 60 60
11.7893 43.7967 0.0 60 60
15.132629 41.199899 0.0 60 60
10.482 45.1071 0.0 60 60
14.1407 40.82 0.0 60 60
9.842659 43.050003 0.0 60 60
13.409 42.53578 0.0 60 60
15.816928 41.158295 0.0 60 60
11.0031 44.8658 0.0 60 60
14.08057 40.810901 0.0 60 60
16.5088 39.4027 0.0 60 60
12.98176 41.94903 0.0 60 60
12.58676 42.608486 0.0 60 60
14.0935 40.8329 0.0 60 60
13.572629 37.881475 0.0 60 60
13.216 37.578 0.0 60 60
14.089047 40.778154 0.0 60 60
14.1818 40.8382 0.0 60 60
14.163176 40.79817 0.0 60 60
14.1473 40.8187 0.0 60 60
14.147 40.8292 0.0 60 60
14.1187 40.8211 0.0 60 60
14.155414 40.885355 0.0 60 60
12.883011 43.768478 0.0 60 60
14.4223 40.8212 0.0 60 60
14.1397 40.8291 0.0 60 60
14.05785 37.93745 0.0 60 60
14.1443 40.8275 0.0 60 60
14.149329 40.829447 0.0 60 60
11.6497 46.04818 0.0 60 60
14.9858 37.752 0.0 60 60
15.1223 37.6335 0.0 60 60
15.05257 37.57919 0.0 60 60
14.945 37.498 0.0 60 60
15.1345 37.7551 0.0 60 60
13.659995 37.328791 0.0 60 60
13.0873 43.0365 0.0 60 60
16.12807 38.45271 0.0 60 60
13.11718 42.26802 0.0 60 60
11.255134 43.774366 0.0 60 60
14.910201 41.513145 0.0 60 60
14.026023 37.990126 0.0 60 60
13.572833 42.453167 0.0 60 60
15.8179 38.1723 0.0 60 60
13.3352 43.0627 0.0 60 60
15.122 36.9596 0.0 60 60
15.0325 37.2831 0.0 60 60
15.222 37.0928 0.0 60 60
14.5216 36.9926 0.0 60 60
13.8551 40.7115 0.0 60 60
13.8758 40.7209 0.0 60 60
13.9008 40.7458 0.0 60 60
14.724807 36.912079 0.0 60 60
15.0688 38.6435 0.0 60 60
14.928733 38.083692 0.0 60 60
11.707267 44.07746 0.0 60 60
11.26226 43.30644 0.0 60 60
12.65907 41.769756 0.0 60 60
13.433009 37.954428 0.0 60 60
12.5647 37.7532 0.0 60 60
10.858943 45.697536 0.0 60 60
12.953452 37.946147 0.0 60 60
12.97673 37.66195 0.0 60 60
15.703 38.162 0.0 60 60
9.51739 44.31625 0.0 60 60
13.6857 42.935 0.0 60 60
11.24579 43.52358 0.0 60 60
14.39667 40.8275 0.0 60 60
14.386994 41.748856 0.0 60 60
14.567486 41.031206 0.0 60 60
14.17989 41.200001 0.0 60 60
10.52495 43.72193 0.0 60 60
16.8158 39.48514 0.0 60 60
9.853652 44.049818 0.0 60 60
13.40057 42.02193 0.0 60 60
16.06124 40.52148 0.0 60 60
15.807 40.6458 0.0 60 60
12.70222 41.81112 0.0 60 60
14.9315 42.2364 0.0 60 60
11.0721 45.6468 0.0 60 60
12.445128 43.937695 0.0 60 60
11.90967 42.84906 0.0 60 60
10.5243 45.6183 0.0 60 60
13.101908 37.516469 0.0 60 60
13.74926 37.94064 0.0 60 60
14.672208 36.796216 0.0 60 60
18.4675 40.0724 0.0 60 60
12.94057 43.255 0.0 60 60
14.335709 40.58256 0.0 60 60
12.50993 42.23696 0.0 60 60
12.7104 46.2601 0.0 60 60
15.191556 38.791058 0.0 60 60
15.215261 38.802415 0.0 60 60
15.2149 38.809615 0.0 60 60
16.33762 39.6601 0.0 60 60
11.673889 45.361667 0.0 60 60
15.51 42.123 0.0 60 60
14.438636 40.818549 0.0 60 60
14.4299 40.83 0.0 60 60
14.422496 40.806289 0.0 60 60
14.414156 40.824231 0.0 60 60
14.433985 40.826595 0.0 60 60
14.4314 40.819 0.0 60 60
12.770183 41.750225 0.0 60 60
14.383211 40.852793 0.0 60 60
14.4242 40.8059 0.0 60 60
14.475264 40.807581 0.0 60 60
14.4238 40.8356 0.0 60 60
16.41418 38.68397 0.0 60 60
17.0614 39.3884 0.0 60 60
15.8572 38.0032 0.0 60 60
16.8403 39.0216 0.0 60 60
16.0099 38.2673 0.0 60 60
16.1322 38.5264 0.0 60 60
13.405 42.354 0.0 60 60
6.678 45.052 0.0 60 60
15.8939 38.2603 0.0 60 60
15.8155 39.9938 0.0 60 60
9.4566 40.4444 0.0 60 60
16.7583 39.1794 0.0 60 60
13.764 45.709 0.0 60 60
9.34732 46.47223 0.0 60 60
14.3533 37.469 0.0 60 60
10.3864 44.1594 0.0 60 60
9.378 39.496 0.0 60 60
13.8013 45.6589 0.0 60 60
12.924 46.245 0.0 60 60
12.7419 46.4258 0.0 60 60
13.2755 46.25383 0.0 60 60
17.144 40.633 0.0 60 60
12.0472 46.2829 0.0 60 60
13.2438 46.234 0.0 60 60
13.0984 46.3195 0.0 60 60
12.4379 46.009 0.0 60 60
12.4448 46.3116 0.0 60 60
12.8814 46.4569 0.0 60 60
12.6154 46.1495 0.0 60 60
12.9877 46.2408 0.0 60 60
13.1481 46.5491 0.0 60 60
13.565 46.4428 0.0 60 60
13.6336 45.9875 0.0 60 60
12.1051 45.9922 0.0 60 60
11.3205 46.7285 0.0 60 60
11.3185 46.4952 0.0 60 60
11.3778 46.463 0.0 60 60
10.9436 45.9595 0.0 60 60
10.5495 46.6164 0.0 60 60
11.4118 46.9281 0.0 60 60
8.490392 39.122956 0.0 60 60
15.988603 40.30579 0.0 60 60
15.917465 40.221487 0.0 60 60
13.444468 43.608845 0.0 60 60
10.516896 43.65693 0.0 60 60
10.46937 43.640408 0.0 60 60
14.483952 35.901233 0.0 60 60
14.22011 36.032335 0.0 60 60
14.5242 35.8373 0.0 60 60
28.8127 46.9186 0.0 60 60
19.26083 42.42967 0.0 60 60
18.9226 42.5465 0.0 60 60
22.7075 49.6314 0.0 60 60
20.2996 49.4182 0.0 60 60
19.7984 50.2195 0.0 60 60
28.4128 44.4581 0.0 60 60
24.3537 47.0855 0.0 60 60
24.6332 45.3657 0.0 60 60
23.345 44.0201 0.0 60 60
21.137 45.3828 0.0 60 60
27.6436 46.2334 0.0 60 60
26.1029 46.9387 0.0 60 60
25.6611 46.0749 0.0 60 60
25.2002 47.644 0.0 60 60
21.6401 45.6188 0.0 60 60
22.496 47.6855 0.0 60 60
28.1362 45.178 0.0 60 60
29.289 45.4245 0.0 60 60
27.0261 44.197 0.0 60 60
23.7999 44.325 0.0 60 60
25.3886 45.9675 0.0 60 60
28.6323 44.075 0.0 60 60
26.9747 45.3801 0.0 60 60
22.7767 45.3933 0.0 60 60
27.9303 44.6893 0.0 60 60
24.9804 44.5281 0.0 60 60
26.5432 45.1187 0.0 60 60
27.7655 45.5442 0.0 60 60
25.5154 46.7059 0.0 60 60
26.8194 44.4739 0.0 60 60
23.7698 45.446 0.0 60 60
28.5876 43.8168 0.0 60 60
24.3765 46.1497 0.0 60 60
25.945 45.4909 0.0 60 60
26.7368 45.8165 0.0 60 60
27.8771 45.5373 0.0 60 60
26.2952 45.4272 0.0 60 60
27.442166 46.837498 0.0 60 60
26.394 46.3349 0.0 60 60
27.1477 45.8723 0.0 60 60
26.6498 45.8512 0.0 60 60
26.6498 45.8512 0.0 60 60
22.6922 44.6627 0.0 60 60
27.8314 45.4702 0.0 60 60
27.9949 45.6741 0.0 60 60
23.2038 44.6609 0.0 60 60
24.9609 44.8629 0.0 60 60
28.0498 45.5977 0.0 60 60
26.6489 46.5118 0.0 60 60
28.8151 45.1861 0.0 60 60
28.4196 44.8565 0.0 60 60
29.7269 45.1621 0.0 60 60
27.8487 45.8996 0.0 60 60
28.0808 45.8443 0.0 60 60
25.0495 45.4371 0.0 60 60
26.7277 45.8657 0.0 60 60
25.3652 43.6572 0.0 60 60
19.4678 49.1505 0.0 60 60
17.277 48.373 0.0 60 60
17.1025 48.1961 0.0 60 60
15.2518 45.504299 0.0 60 60
13.7368 46.2281 0.0 60 60
14.4221 45.738098 0.0 60 60
15.4569 45.826 0.0 60 60
14.2613 46.0807 0.0 60 60
15.4695 46.149502 0.0 60 60
14.4434 45.934799 0.0 60 60
14.8101 45.531101 0.0 60 60
15.6275 45.867199 0.0 60 60
13.9999 46.317402 0.0 60 60
15.5018 46.460999 0.0 60 60
14.0643 45.893398 0.0 60 60
14.3807 45.527802 0.0 60 60
16.250401 46.448101 0.0 60 60
14.5278 46.0438 0.0 60 60
14.4433 46.294102 0.0 60 60
15.1139 46.636501 0.0 60 60
13.5094 46.244499 0.0 60 60
14.0143 45.546398 0.0 60 60
14.8393 45.803299 0.0 60 60
14.7014 46.101601 0.0 60 60
13.8877 46.0322 0.0 60 60
15.0246 46.4342 0.0 60 60
19.991711 44.098236 0.0 60 60
19.406053 43.865157 0.0 60 60
19.8098 45.1573 0.0 60 60
20.715084 43.888764 0.0 60 60
19.973146 43.261405 0.0 60 60
21.81534 42.816477 0.0 60 60
21.70579 43.635172 0.0 60 60
26.7437 41.847 0.0 60 60
26.153 40.7362 0.0 60 60
26.5132 40.6708 0.0 60 60
25.8987 40.1908 0.0 60 60
20.823419 37.818792 0.0 60 60
15.068847 38.06703 0.0 60 60
