20.4113 42.0756 0.0 80 80
19.7199 41.6359 0.0 80 80
20.02 40.2947 0.0 80 80
27.6691 43.1196 0.0 80 80
25.5779 42.0457 0.0 80 80
27.4628 43.179 0.0 80 80
23.9664 43.7263 0.0 80 80
27.3778 43.0934 0.0 80 80
23.4356 43.6899 0.0 80 80
27.831 43.5811 0.0 80 80
23.2262 43.4111 0.0 80 80
22.8502 43.9523 0.0 80 80
25.1243 43.6451 0.0 80 80
25.9612 43.8462 0.0 80 80
27.2665 44.1046 0.0 80 80
25.6367 43.0805 0.0 80 80
18.4227778 43.8677778 0.0 80 80
18.685 44.5419444 0.0 80 80
17.9 44.2016667 0.0 80 80
18.1 44.733 0.0 80 80
19.37 43.618 0.0 80 80
18.35 42.717 0.0 80 80
20.0608 39.4465 0.0 80 80
20.8603333333333 39.0866666666667 0.0 80 80
21.1311666666667 39.1106666666667 0.0 80 80
21.155 38.8643333333333 0.0 80 80
20.9776666666667 38.856 0.0 80 80
21.0761666666667 38.8238333333333 0.0 80 80
20.9526666666667 38.7068333333333 0.0 80 80
21.444 38.7041666666667 0.0 80 80
21.39 38.6141666666667 0.0 80 80
21.0905 38.5815 0.0 80 80
21.706 38.4945 0.0 80 80
21.6693333333333 38.5943333333333 0.0 80 80
21.6048333333333 38.7001666666667 0.0 80 80
21.5143333333333 38.435 0.0 80 80
21.6046666666667 38.7026666666667 0.0 80 80
21.2488333333333 38.4848333333333 0.0 80 80
21.4071666666667 38.4123333333333 0.0 80 80
22.068923 37.107022 0.0 80 80
24.0113 35.5163 0.0 80 80
22.06354 38.26488 0.0 80 80
23.44356 37.74806 0.0 80 80
22.0878 38.25001 0.0 80 80
22.05873 38.19386 0.0 80 80
22.11135 38.26051 0.0 80 80
21.76206 38.33358 0.0 80 80
26.35295 36.54552 0.0 80 80
24.0432 35.5193 0.0 80 80
23.773487 38.000799 0.0 80 80
24.014 35.4825 0.0 80 80
22.49583 38.47836 0.0 80 80
20.3734 38.2385 0.0 80 80
24.98864 39.54015 0.0 80 80
24.0306 35.4955 0.0 80 80
22.389 39.66886 0.0 80 80
26.29283 37.61117 0.0 80 80
22.0247 39.8334 0.0 80 80
19.93542 39.74628 0.0 80 80
20.3482 38.2031 0.0 80 80
22.7543 37.9875 0.0 80 80
26.97274 36.95708 0.0 80 80
26.94695 36.70273 0.0 80 80
24.38591 40.93704 0.0 80 80
22.3917 39.6713 0.0 80 80
22.9765 37.97528 0.0 80 80
20.43718 38.20006 0.0 80 80
23.226907 37.575889 0.0 80 80
23.39955 37.622783 0.0 80 80
23.35775 37.62181 0.0 80 80
23.356067 37.59165 0.0 80 80
20.79116 38.65606 0.0 80 80
23.03734 36.68709 0.0 80 80
23.94087 38.12253 0.0 80 80
24.0118 35.5091 0.0 80 80
24.0423 35.474 0.0 80 80
22.539882 39.726662 0.0 80 80
23.71767 37.97384 0.0 80 80
20.6983 38.7135 0.0 80 80
22.24975 38.37352 0.0 80 80
23.66927 38.10259 0.0 80 80
23.45793 38.19227 0.0 80 80
23.50326 38.07109 0.0 80 80
24.0121 35.4996 0.0 80 80
21.76001 38.26933 0.0 80 80
21.72657 38.23865 0.0 80 80
23.9928 35.4825 0.0 80 80
24.0602 35.5226 0.0 80 80
22.9006 38.2589 0.0 80 80
22.17519 38.33194 0.0 80 80
25.56202 38.53978 0.0 80 80
22.0168 38.41021 0.0 80 80
21.79118 38.29585 0.0 80 80
25.37244 36.47337 0.0 80 80
25.3953 36.4037 0.0 80 80
22.09691 39.33773 0.0 80 80
24.0678 35.4878 0.0 80 80
23.544045 38.176616 0.0 80 80
22.11811 38.23165 0.0 80 80
25.43244 36.41502 0.0 80 80
25.1631 37.53942 0.0 80 80
21.76624 39.55381 0.0 80 80
20.6554 38.8249 0.0 80 80
21.9836 37.1641 0.0 80 80
22.766063 37.974944 0.0 80 80
22.6361 38.0772 0.0 80 80
23.46525 37.34923 0.0 80 80
21.94761 38.30519 0.0 80 80
15.643891 43.654255 0.0 80 80
10.482 45.1071 0.0 80 80
21.2197 42.6588 0.0 80 80
20.2783 42.64 0.0 80 80
20.75812 42.21076 0.0 80 80
21.2743 41.6827 0.0 80 80
21.3239 41.0194 0.0 80 80
22.3068 42.1091 0.0 80 80
20.8354 41.1705 0.0 80 80
21.19505 41.87795 0.0 80 80
22.3617 42.2092 0.0 80 80
21.2489 41.3689 0.0 80 80
21.6123 41.6786 0.0 80 80
20.7989 41.1114 0.0 80 80
21.7531 41.7795 0.0 80 80
22.898009 41.776282 0.0 80 80
21.1392 41.6928 0.0 80 80
21.4396 41.9721 0.0 80 80
22.4382 41.7754 0.0 80 80
21.2595 41.9217 0.0 80 80
22.5701 41.3211 0.0 80 80
20.5571 41.4788 0.0 80 80
19.89811 42.87175 0.0 80 80
18.54394 42.90072 0.0 80 80
18.898600000000002 42.3008 0.0 80 80
18.49836 42.44749 0.0 80 80
18.9529 42.7669 0.0 80 80
18.998170000000002 42.81285 0.0 80 80
19.39426 43.32987 0.0 80 80
19.9735 42.595 0.0 80 80
18.91 43.2029 0.0 80 80
27.9657 44.0882 0.0 80 80
27.182 46.0952 0.0 80 80
23.5635 46.0657 0.0 80 80
26.0758 44.4667 0.0 80 80
26.0904 44.4445 0.0 80 80
26.119 44.4059 0.0 80 80
26.1899 44.3085 0.0 80 80
26.0224 44.4142 0.0 80 80
26.0771 44.4049 0.0 80 80
26.2135 44.4328 0.0 80 80
26.05 44.43 0.0 80 80
26.1378 44.4483 0.0 80 80
26.0984 44.4458 0.0 80 80
26.1067 44.437 0.0 80 80
26.0938 44.4107 0.0 80 80
26.0281 44.3479 0.0 80 80
26.8099 45.1503 0.0 80 80
26.1069 44.3862 0.0 80 80
23.5501 46.7683 0.0 80 80
25.9414 44.3784 0.0 80 80
28.033 44.3421 0.0 80 80
28.0541 45.4411 0.0 80 80
24.3419 44.1088 0.0 80 80
26.0273 44.4813 0.0 80 80
27.480232 45.135824 0.0 80 80
26.1611 44.441 0.0 80 80
26.0773 44.5118 0.0 80 80
20.702421 45.78178 0.0 80 80
28.8769 44.7661 0.0 80 80
25.0739 45.2349 0.0 80 80
26.6382 44.0772 0.0 80 80
24.8812 44.8558 0.0 80 80
26.0274 44.9142 0.0 80 80
25.9937 44.5275 0.0 80 80
27.0384 45.3906 0.0 80 80
24.2848 45.0363 0.0 80 80
21.8751 45.2987 0.0 80 80
26.1369 44.3812 0.0 80 80
25.9743 44.2228 0.0 80 80
24.1757 45.8099 0.0 80 80
25.5526 45.355 0.0 80 80
20.601736 46.071346 0.0 80 80
26.244778 47.640218 0.0 80 80
27.4089 45.8416 0.0 80 80
21.2211 45.7365 0.0 80 80
25.4563 44.9361 0.0 80 80
28.6572 44.1608 0.0 80 80
28.595 43.8011 0.0 80 80
25.6347 45.6131 0.0 80 80
26.9124 46.5669 0.0 80 80
25.8799 44.4489 0.0 80 80
27.3557 44.1901 0.0 80 80
26.2619 44.4439 0.0 80 80
26.1687 45.8442 0.0 80 80
22.2383 45.4108 0.0 80 80
28.6491 44.184 0.0 80 80
23.8363 44.2971 0.0 80 80
28.2081 45.485 0.0 80 80
25.9518 43.8898 0.0 80 80
22.6535 44.6227 0.0 80 80
24.3755 44.4278 0.0 80 80
25.3296 43.9719 0.0 80 80
20.51315 44.69595 0.0 80 80
20.4744 45.5376 0.0 80 80
21.9532 43.8289 0.0 80 80
22.01765 44.09043 0.0 80 80
22.46101 42.49825 0.0 80 80
20.1863 43.898 0.0 80 80
21.1962 43.4186 0.0 80 80
22.5289 44.6711 0.0 80 80
22.5278 44.6698 0.0 80 80
20.87342 43.56244 0.0 80 80
20.152395 43.576676 0.0 80 80
21.26 43.971 0.0 80 80
21.1263 43.1277 0.0 80 80
20.6878 43.7248 0.0 80 80
21.67489 44.41226 0.0 80 80
21.8069 44.2409 0.0 80 80
20.5451 43.1576 0.0 80 80
19.4104 43.9646 0.0 80 80
19.753 44.2417 0.0 80 80
20.4833 44.105 0.0 80 80
21.120913 43.214253 0.0 80 80
19.6506 46.11175 0.0 80 80
19.528069 44.549344 0.0 80 80
20.406266 44.223525 0.0 80 80
19.883 44.2726 0.0 80 80
21.32477 45.12276 0.0 80 80
19.7098 43.8492 0.0 80 80
22.232787 43.812589 0.0 80 80
22.633529 43.273577 0.0 80 80
20.471419 44.809297 0.0 80 80
22.519669 44.667165 0.0 80 80
21.215175 44.265486 0.0 80 80
22.6464 48.2336 0.0 80 80
23.0203 48.338 0.0 80 80
25.9217 48.2975 0.0 80 80
22.38442 48.52705 0.0 80 80
26.4263 49.2138 0.0 80 80
26.46 48.563 0.0 80 80
23.1339 48.1573 0.0 80 80
25.0648 48.3137 0.0 80 80
23.5121 48.512 0.0 80 80
23.876 49.124 0.0 80 80
22.6874 48.4536 0.0 80 80
27.3664 48.5947 0.0 80 80
23.4571 48.1976 0.0 80 80
24.1663 48.0259 0.0 80 80
23.3621 49.2234 0.0 80 80
24.5014 48.7106 0.0 80 80
22.6212 49.0159 0.0 80 80
22.957 48.095 0.0 80 80
22.2908 48.6289 0.0 80 80
