19.892599 42.042599 0.0 80 80
23.2792 42.856998 0.0 80 80
26.5296 42.4911 0.0 80 80
24.1735 42.513699 0.0 80 80
24.747499 42.1469 0.0 80 80
27.409901 43.160198 0.0 80 80
24.7388 41.694199 0.0 80 80
22.651199 42.834599 0.0 80 80
21.72277 38.3959 0.0 80 80
21.87263 38.39341 0.0 80 80
22.184228 38.321815 0.0 80 80
21.89204 38.30811 0.0 80 80
14.751474 44.972003 0.0 80 80
16.784453 43.608877 0.0 80 80
18.14687 42.66908 0.0 80 80
16.404696 44.004883 0.0 80 80
15.270319 44.688436 0.0 80 80
16.0686 46.1551 0.0 80 80
16.891928 42.768552 0.0 80 80
17.019674 43.287712 0.0 80 80
14.87105 44.56347 0.0 80 80
15.467266 45.61527 0.0 80 80
14.4828 45.3251 0.0 80 80
13.501932 45.494952 0.0 80 80
18.31235 42.6007 0.0 80 80
17.6999 42.8716 0.0 80 80
15.769351 44.531422 0.0 80 80
15.99417 45.829442 0.0 80 80
24.0318 49.8186 0.0 80 80
17.8278 49.3655 0.0 80 80
4.76974 44.37408 0.0 80 80
6.963495 45.820336 0.0 80 80
7.1312 43.5479 0.0 80 80
6.769854 45.899671 0.0 80 80
22.8692 37.8902 0.0 80 80
22.659 38.7664 0.0 80 80
23.1189 37.6144 0.0 80 80
22.9743 37.9879 0.0 80 80
23.4662 38.0606 0.0 80 80
24.4853 37.1609 0.0 80 80
25.4282 36.4159 0.0 80 80
22.6634 38.0357 0.0 80 80
23.3122 38.1642 0.0 80 80
23.93306 38.07794 0.0 80 80
21.720929 37.711169 0.0 80 80
22.998812 38.64957 0.0 80 80
27.131 36.6106 0.0 80 80
20.696265 37.851123 0.0 80 80
19.40567 39.841635 0.0 80 80
21.138042 40.196088 0.0 80 80
25.45926 36.37052 0.0 80 80
20.5746 38.6839 0.0 80 80
20.656 38.621 0.0 80 80
21.3836 40.7817 0.0 80 80
21.423543 40.802113 0.0 80 80
21.398453 40.850275 0.0 80 80
21.58431 40.834563 0.0 80 80
21.359183 40.779542 0.0 80 80
21.457443 40.724207 0.0 80 80
20.5841 38.114 0.0 80 80
21.013 37.2497 0.0 80 80
22.9628 40.6319 0.0 80 80
25.429562 36.385841 0.0 80 80
11.374336 43.93096 0.0 80 80
12.7556 37.67883 0.0 80 80
14.1747 40.8115 0.0 80 80
13.00433 37.80162 0.0 80 80
13.926856 40.713953 0.0 80 80
13.943825 40.746222 0.0 80 80
13.872129 40.75909 0.0 80 80
12.92242 37.79082 0.0 80 80
12.75932 37.89337 0.0 80 80
14.034938 40.761401 0.0 80 80
11.43431 44.188961 0.0 80 80
11.5327 43.9545 0.0 80 80
15.3331 40.9298 0.0 80 80
15.458 40.4861 0.0 80 80
27.736 41.129 0.0 80 80
26.5132 40.6708 0.0 80 80
27.3275 40.7479 0.0 80 80
26.4742 40.398 0.0 80 80
27.1776 40.6874 0.0 80 80
28.8175 46.9975 0.0 80 80
29.8723 46.5293 0.0 80 80
28.3513 48.135 0.0 80 80
5.672365 44.941426 0.0 80 80
5.653199 44.95068 0.0 80 80
5.666084 44.938438 0.0 80 80
12.5005 46.0266 0.0 80 80
13.1386 46.275 0.0 80 80
27.3351 44.6102 0.0 80 80
26.7099 45.5481 0.0 80 80
23.4969 47.6728 0.0 80 80
21.7856 47.0902 0.0 80 80
25.2167 47.6147 0.0 80 80
25.2175 47.6326 0.0 80 80
25.1805 47.633 0.0 80 80
23.5981 46.7133 0.0 80 80
28.0624 44.3207 0.0 80 80
22.898 45.887 0.0 80 80
26.609 48.2073 0.0 80 80
27.408 46.0605 0.0 80 80
26.5009 46.9551 0.0 80 80
22.416 44.881 0.0 80 80
27.8009 44.1168 0.0 80 80
28.2467 46.4733 0.0 80 80
23.1189 46.676 0.0 80 80
21.7128 44.7815 0.0 80 80
22.9494 47.1499 0.0 80 80
28.4224 44.1779 0.0 80 80
25.2919 46.2969 0.0 80 80
26.9768 44.9199 0.0 80 80
26.2337 47.3552 0.0 80 80
27.8302 45.5007 0.0 80 80
21.663 46.2653 0.0 80 80
22.1246 45.754 0.0 80 80
24.5222 46.5284 0.0 80 80
28.0467 44.5445 0.0 80 80
24.273 45.652 0.0 80 80
27.6687 45.5939 0.0 80 80
27.7911 46.6415 0.0 80 80
22.2731 48.9333 0.0 80 80
20.2339 49.1894 0.0 80 80
18.8361 48.494 0.0 80 80
15.6245 46.0108 0.0 80 80
15.3177 45.9488 0.0 80 80
14.9977 46.0612 0.0 80 80
15.0246 46.4342 0.0 80 80
11.67894 42.868614 0.0 80 80
10.504497 43.631413 0.0 80 80
