20.0723 42.3637 0.0 60 60
20.785909 40.623068 0.0 60 60
20.44 41.6847 0.0 60 60
19.495075 40.470026 0.0 60 60
7.83223 46.21652 0.0 60 60
7.771659 46.41554 0.0 60 60
7.596779 46.21005 0.0 60 60
6.6888000000000005 43.881 0.0 60 60
21.3763 38.1962 0.0 60 60
22.5271 38.4112 0.0 60 60
21.9058 38.4269 0.0 60 60
20.5623 38.4593 0.0 60 60
22.3423 37.9363 0.0 60 60
22.1398 38.3911 0.0 60 60
20.8367 37.7095 0.0 60 60
21.947007 38.414981 0.0 60 60
21.946015 38.414084 0.0 60 60
21.948053 38.414174 0.0 60 60
21.946234 38.412867 0.0 60 60
21.948785 38.415496 0.0 60 60
22.3793 37.3703 0.0 60 60
21.8116 38.4222 0.0 60 60
15.9427 40.7867 0.0 60 60
13.5137 46.548 0.0 60 60
9.1733 41.1269 0.0 60 60
15.233 37.9712 0.0 60 60
13.753730000000001 37.74897 0.0 60 60
16.6041 40.9071 0.0 60 60
13.602 43.55017 0.0 60 60
12.41991 43.55846 0.0 60 60
11.4754 42.8519 0.0 60 60
12.94153 43.49807 0.0 60 60
12.6587 43.0426 0.0 60 60
12.5715 43.3666 0.0 60 60
12.26801 43.33419 0.0 60 60
12.457 43.4807 0.0 60 60
12.40663 43.38211 0.0 60 60
10.8187 45.683 0.0 60 60
10.59698 44.06238 0.0 60 60
7.26333 44.83517 0.0 60 60
6.934 45.8444 0.0 60 60
9.44782 44.76792 0.0 60 60
11.76657 44.22454 0.0 60 60
10.37218 46.47616 0.0 60 60
14.5938 41.5461 0.0 60 60
15.3776 40.0783 0.0 60 60
7.5569 43.7825 0.0 60 60
15.2366 41.028 0.0 60 60
11.9663 43.3292 0.0 60 60
8.2372 44.2075 0.0 60 60
16.2114 39.2534 0.0 60 60
10.4821 44.026 0.0 60 60
10.8652 42.7908 0.0 60 60
15.3046 40.4896 0.0 60 60
10.210652 42.746577 0.0 60 60
14.0183 41.5978 0.0 60 60
12.9046 43.0049 0.0 60 60
15.954618 39.528756 0.0 60 60
17.517326 40.648402 0.0 60 60
14.90502 41.65418 0.0 60 60
13.1954 43.37557 0.0 60 60
7.5682 45.6019 0.0 60 60
13.962 37.158 0.0 60 60
13.8229 37.4639 0.0 60 60
15.303 40.3181 0.0 60 60
15.330400000000001 40.6871 0.0 60 60
13.3038 37.8943 0.0 60 60
14.1625 37.4075 0.0 60 60
11.95167 43.61888 0.0 60 60
10.979506 43.795597 0.0 60 60
11.29017 43.47311 0.0 60 60
9.60668 40.31802 0.0 60 60
11.1884 45.8808 0.0 60 60
13.645 46.1733 0.0 60 60
15.0865 37.7802 0.0 60 60
14.9129 37.6863 0.0 60 60
15.0018 37.7653 0.0 60 60
14.9865 37.7437 0.0 60 60
15.121 37.882 0.0 60 60
14.9041 37.7313 0.0 60 60
15.2103 37.7896 0.0 60 60
15.0336 37.7912 0.0 60 60
15.0902 37.7357 0.0 60 60
14.9979 37.7196 0.0 60 60
15.026 37.8168 0.0 60 60
14.9703 37.679 0.0 60 60
14.9498 37.8208 0.0 60 60
15.0216 37.6314 0.0 60 60
7.42033 44.22666 0.0 60 60
15.0168 37.7659 0.0 60 60
15.0567 37.8113 0.0 60 60
15.1773 37.8204 0.0 60 60
15.1885 37.6719 0.0 60 60
14.857 37.824 0.0 60 60
14.8152 37.747 0.0 60 60
14.9744 37.6934 0.0 60 60
14.8794 37.6181 0.0 60 60
15.0274 37.6925 0.0 60 60
14.9469 37.7731 0.0 60 60
13.58379 42.26573 0.0 60 60
11.1229 44.16782 0.0 60 60
11.15622 43.20972 0.0 60 60
13.0011 46.4142 0.0 60 60
12.7804 46.59658 0.0 60 60
10.9587 46.0835 0.0 60 60
14.5665 37.7107 0.0 60 60
13.25458 41.55827 0.0 60 60
16.20777 38.97983 0.0 60 60
9.2926 44.6071 0.0 60 60
13.31229 41.7945 0.0 60 60
15.155 37.285 0.0 60 60
14.872 37.3485 0.0 60 60
14.7831 36.959 0.0 60 60
14.7155 37.1783 0.0 60 60
14.355 38.533 0.0 60 60
14.5753 38.5642 0.0 60 60
14.9483 38.4457 0.0 60 60
7.89317 43.9105 0.0 60 60
13.9046 42.01154 0.0 60 60
15.2304 38.7992 0.0 60 60
15.1918 38.7866 0.0 60 60
14.9608 38.3968 0.0 60 60
14.9482 38.3961 0.0 60 60
14.9801 38.3763 0.0 60 60
14.986 38.396 0.0 60 60
15.8856 38.6068 0.0 60 60
11.804 42.6137 0.0 60 60
12.69888 41.67778 0.0 60 60
12.86432 35.8613 0.0 60 60
15.1804 40.8969 0.0 60 60
13.04032 42.60286 0.0 60 60
12.6302 35.518299999999996 0.0 60 60
14.1832 42.0468 0.0 60 60
7.13433 45.4595 0.0 60 60
10.514 46.05492 0.0 60 60
10.6286 45.7753 0.0 60 60
10.657926 43.273245 0.0 60 60
10.4915 43.91417 0.0 60 60
11.2099 45.6378 0.0 60 60
15.8019 40.3249 0.0 60 60
11.6765 42.77861 0.0 60 60
14.731 38.1199 0.0 60 60
15.1684 40.7826 0.0 60 60
9.716 45.76972 0.0 60 60
15.127 41.7059 0.0 60 60
17.850423 40.589408 0.0 60 60
12.11214 42.91263 0.0 60 60
15.55352 40.1376 0.0 60 60
7.8082 44.0426 0.0 60 60
14.25402 41.64188 0.0 60 60
16.441 40.6044 0.0 60 60
9.2321 45.4803 0.0 60 60
15.2313 38.2713 0.0 60 60
15.990414 39.890961 0.0 60 60
15.158 41.37 0.0 60 60
13.8779 41.1459 0.0 60 60
12.570071 42.80387 0.0 60 60
7.9271 45.0739 0.0 60 60
16.0067 37.9531 0.0 60 60
15.3528 38.1465 0.0 60 60
14.96815 41.1227 0.0 60 60
7.06101 45.76975 0.0 60 60
15.48892 40.7564 0.0 60 60
16.1958 41.0609 0.0 60 60
15.9096 41.712 0.0 60 60
14.5916 38.0339 0.0 60 60
15.5083 38.2639 0.0 60 60
12.74222 42.0228 0.0 60 60
11.4248 44.3128 0.0 60 60
15.7515 40.2663 0.0 60 60
15.69992 38.0031 0.0 60 60
14.8739 38.043 0.0 60 60
12.5246 43.263 0.0 60 60
12.580583 43.610823 0.0 60 60
10.8987 44.8873 0.0 60 60
17.0644 40.7888 0.0 60 60
15.1356 38.0286 0.0 60 60
13.11427 42.83355 0.0 60 60
11.1724 45.3082 0.0 60 60
16.450405 40.05096 0.0 60 60
9.9307 45.4056 0.0 60 60
15.9602 40.9441 0.0 60 60
12.2386 43.6486 0.0 60 60
8.54517 44.54133 0.0 60 60
12.84018 43.94105 0.0 60 60
14.1148 37.8335 0.0 60 60
11.9788 36.794200000000004 0.0 60 60
12.0405 36.7714 0.0 60 60
15.7967 40.5722 0.0 60 60
12.535 43.53567 0.0 60 60
16.4383 38.4494 0.0 60 60
13.71202 41.71743 0.0 60 60
14.81078 41.22345 0.0 60 60
13.354 46.4075 0.0 60 60
14.529 41.3641 0.0 60 60
11.9729 36.8121 0.0 60 60
7.116 44.5068 0.0 60 60
8.34592 44.32425 0.0 60 60
14.3624 37.2225 0.0 60 60
15.5361 40.8755 0.0 60 60
12.7103 41.76039 0.0 60 60
7.1565 45.8378 0.0 60 60
14.0568 37.6468 0.0 60 60
14.1524 41.70328 0.0 60 60
8.3527 44.8493 0.0 60 60
6.79083 44.92083 0.0 60 60
15.176 40.9643 0.0 60 60
7.26533 45.14817 0.0 60 60
14.7057 41.3974 0.0 60 60
16.3459 39.8772 0.0 60 60
8.913604 44.867306 0.0 60 60
7.8685 45.8753 0.0 60 60
11.35855 44.05428 0.0 60 60
16.6886 39.0359 0.0 60 60
14.37917 41.38667 0.0 60 60
15.30738 40.56045 0.0 60 60
15.7437 41.7546 0.0 60 60
15.365 41.135 0.0 60 60
15.8675 40.1821 0.0 60 60
15.63277 40.39 0.0 60 60
15.20908 40.92542 0.0 60 60
13.53261 38.09193 0.0 60 60
15.2292 41.0785 0.0 60 60
12.78225 43.436280000000004 0.0 60 60
15.0737 37.1577 0.0 60 60
17.2846 40.5259 0.0 60 60
13.60393 42.62279 0.0 60 60
12.00017 42.06406 0.0 60 60
7.747 45.51267 0.0 60 60
10.90265 43.11478 0.0 60 60
14.5502 41.7666 0.0 60 60
13.9138 42.8081 0.0 60 60
13.17913 38.70787 0.0 60 60
14.2342 41.4154 0.0 60 60
8.77 45.867695 0.0 60 60
14.630154 41.18326 0.0 60 60
10.6628 45.3135 0.0 60 60
15.6163 40.9549 0.0 60 60
13.62324 41.86965 0.0 60 60
10.9765 44.35085 0.0 60 60
25.2172 44.1343 0.0 60 60
22.7111 46.7917 0.0 60 60
27.5748 47.1777 0.0 60 60
22.9325 44.2782 0.0 60 60
27.1493 44.2144 0.0 60 60
26.2526 44.6777 0.0 60 60
24.4038 43.9986 0.0 60 60
