11.22128 47.91084 0.0 80 80
12.87726 47.720501 0.0 80 80
11.70738 48.07089 0.0 80 80
12.86441 47.76154 0.0 80 80
12.818837 47.805721 0.0 80 80
11.569354 48.120018 0.0 80 80
11.568053 48.120553 0.0 80 80
11.565401 48.119531 0.0 80 80
7.93 46.3 0.0 80 80
7.13579 46.15633 0.0 80 80
7.02 46.2 0.0 80 80
7.16 47.38 0.0 80 80
7.2 47.38 0.0 80 80
7.6038 47.5778 0.0 80 80
7.98 46.32 0.0 80 80
8.99 47.53 0.0 80 80
21.948052827 38.414173955 0.0 80 80
17.7728 49.93433 0.0 80 80
7.863 43.398667 0.0 80 80
5.801324 45.064487 0.0 80 80
7.617472 44.116444 0.0 80 80
7.2191 43.64387 0.0 80 80
13.700627 48.844303 0.0 80 80
20.44 38.2 0.0 80 80
25.24974 35.22672 0.0 80 80
25.13718 35.14568 0.0 80 80
25.24623 35.07685 0.0 80 80
25.33144 35.13922 0.0 80 80
23.93306 38.07794 0.0 80 80
22.791108 38.627687 0.0 80 80
20.79116 38.65606 0.0 80 80
25.37244 36.47337 0.0 80 80
23.39447 38.38777 0.0 80 80
23.21098 38.3727 0.0 80 80
22.66922 38.583122 0.0 80 80
21.423543 40.802113 0.0 80 80
21.398453 40.850275 0.0 80 80
21.58431 40.834563 0.0 80 80
21.359183 40.779542 0.0 80 80
21.457443 40.724207 0.0 80 80
19.994596 39.425709 0.0 80 80
20.7258 46.3501 0.0 80 80
16.7757 46.4706 0.0 80 80
20.267 47.2996 0.0 80 80
18.2605 47.3631 0.0 80 80
17.8878 46.9001 0.0 80 80
10.3764 46.4694 0.0 80 80
15.5114 40.5573 0.0 80 80
13.216 37.578 0.0 80 80
11.8056 44.5808 0.0 80 80
15.8179 38.1723 0.0 80 80
15.8856 38.6068 0.0 80 80
10.5243 45.6183 0.0 80 80
13.176956 43.228783 0.0 80 80
27.736 41.129 0.0 80 80
7.737046 47.714035 0.0 80 80
7.852 48.000917 0.0 80 80
8.00296 47.875298 0.0 80 80
9.114723 48.070235 0.0 80 80
7.917178 47.955093 0.0 80 80
8.960406 48.177377 0.0 80 80
8.670929 48.153181 0.0 80 80
9.61355 47.65996 0.0 80 80
7.669949 48.081382 0.0 80 80
19.5152 42.8505 0.0 80 80
7.1847 43.6706 0.0 80 80
6.303357 45.658887 0.0 80 80
26.609 48.2073 0.0 80 80
27.408 46.0605 0.0 80 80
26.9747 45.3801 0.0 80 80
24.1757 45.8099 0.0 80 80
21.663 46.2653 0.0 80 80
15.8179 38.1723 0.0 80 80
13.237667 43.164276 0.0 80 80
