7.93 46.3 0.0 60 60
8.34 47.55 0.0 60 60
8.5 47.37 0.0 60 60
8.57 47.57 0.0 60 60
8.27 47.25 0.0 60 60
7.02 46.2 0.0 60 60
7.17 47.38 0.0 60 60
7.16 47.38 0.0 60 60
7.17 47.37 0.0 60 60
7.12 47.37 0.0 60 60
7.2 47.38 0.0 60 60
7.603898 47.57775 0.0 60 60
7.6 47.58 0.0 60 60
8.04 47.39 0.0 60 60
6.97 46.32 0.0 60 60
8.64 46.88 0.0 60 60
9.4 47.33 0.0 60 60
7.26 46.21 0.0 60 60
10.2 46.78 0.0 60 60
9.43 47.51 0.0 60 60
8.24 46.89 0.0 60 60
7.72 47.53 0.0 60 60
7.42 46.29 0.0 60 60
7.59 47.58 0.0 60 60
7.58 47.57 0.0 60 60
7.59 47.57 0.0 60 60
7.59 47.56 0.0 60 60
7.56 47.57 0.0 60 60
8.52 47.19 0.0 60 60
7.58 47.56 0.0 60 60
7.61 47.56 0.0 60 60
7.6 47.55 0.0 60 60
7.44 46.95 0.0 60 60
9.75 46.63 0.0 60 60
7.25 47.13 0.0 60 60
7.58 47.54 0.0 60 60
7.98 46.32 0.0 60 60
9.47 47.16 0.0 60 60
9.43 47.15 0.0 60 60
9.47 47.17 0.0 60 60
7.05 46.63 0.0 60 60
8.42 46.98 0.0 60 60
8.61 46.16 0.0 60 60
9.86 46.51 0.0 60 60
6.84 46.83 0.0 60 60
9.54 46.79 0.0 60 60
8.64 47.71 0.0 60 60
7.13 46.47 0.0 60 60
7.1 46.85 0.0 60 60
7.49 46.32 0.0 60 60
10.3 46.8 0.0 60 60
9.52 46.86 0.0 60 60
9.83 46.8 0.0 60 60
7.34 47.37 0.0 60 60
8.65 46.82 0.0 60 60
6.93 46.07 0.0 60 60
8.41 46.82 0.0 60 60
6.57 46.52 0.0 60 60
8.23 47.53 0.0 60 60
7.71 47.5 0.0 60 60
7.66 46.58 0.0 60 60
7.16 46.79 0.0 60 60
7.74 46.32 0.0 60 60
6.14 46.2 0.0 60 60
9.07 47.04 0.0 60 60
7.84 46.19 0.0 60 60
9.31 47.42 0.0 60 60
8.0257 46.6242 0.0 60 60
9.63 47.42 0.0 60 60
7.4 46.19 0.0 60 60
7.54 46.3 0.0 60 60
7.86 46.69 0.0 60 60
7.38 46.23 0.0 60 60
7.36 46.24 0.0 60 60
9.21 46.77 0.0 60 60
7.72 47.54 0.0 60 60
8.28 46.9 0.0 60 60
8.57 47.46 0.0 60 60
9.18 47.65 0.0 60 60
6.79 47.08 0.0 60 60
7.44 46.46 0.0 60 60
7.73226 47.48764 0.0 60 60
8.79 46.16 0.0 60 60
9.0 46.92 0.0 60 60
8.31 47.06 0.0 60 60
8.31 47.05 0.0 60 60
8.32 47.05 0.0 60 60
7.07 46.1 0.0 60 60
8.19 46.73 0.0 60 60
9.43 47.05 0.0 60 60
9.55 47.21 0.0 60 60
6.8 46.67 0.0 60 60
6.94 46.29 0.0 60 60
7.65 47.55 0.0 60 60
6.95 47.0 0.0 60 60
7.8 46.18 0.0 60 60
7.99 46.32 0.0 60 60
7.52 47.21 0.0 60 60
7.54 47.21 0.0 60 60
6.13882 46.22761 0.0 60 60
6.91908 46.378 0.0 60 60
7.6 47.51 0.0 60 60
7.81 47.55 0.0 60 60
7.62 47.57 0.0 60 60
7.65 47.59 0.0 60 60
7.65 47.58 0.0 60 60
7.67 47.53 0.0 60 60
8.36 46.96 0.0 60 60
7.22 46.81 0.0 60 60
9.38 47.42 0.0 60 60
7.63 46.74 0.0 60 60
8.65 47.5 0.0 60 60
9.55 47.12 0.0 60 60
10.33 46.63 0.0 60 60
7.43 46.35 0.0 60 60
8.96 46.01 0.0 60 60
9.53 46.69 0.0 60 60
7.22257 46.09583 0.0 60 60
6.84 46.46 0.0 60 60
7.89 46.29 0.0 60 60
7.88 46.29 0.0 60 60
7.88 46.29 0.0 60 60
9.31 47.12 0.0 60 60
9.45983 47.17139 0.0 60 60
9.03 47.46 0.0 60 60
9.35224 47.20475 0.0 60 60
8.73 47.51 0.0 60 60
8.65 47.02 0.0 60 60
6.64 46.77 0.0 60 60
7.75 46.02 0.0 60 60
10.1 46.7 0.0 60 60
7.62 46.15 0.0 60 60
8.53 47.38 0.0 60 60
7.37 46.55 0.0 60 60
8.99 47.53 0.0 60 60
14.3058 49.1555 0.0 60 60
14.3606 49.2786 0.0 60 60
16.3371 49.5854 0.0 60 60
14.5644 49.0132 0.0 60 60
17.7193 49.7563 0.0 60 60
15.9501 49.121 0.0 60 60
16.127 49.2441 0.0 60 60
14.2407 49.068 0.0 60 60
16.0568 48.9411 0.0 60 60
16.3306 48.957 0.0 60 60
17.7728 49.93433 0.0 60 60
14.6369 49.3039 0.0 60 60
17.4028 50.2088 0.0 60 60
17.378 50.0738 0.0 60 60
17.0492 49.8438 0.0 60 60
17.3717 49.6218 0.0 60 60
16.9742 49.6543 0.0 60 60
17.2782 49.8002 0.0 60 60
16.547 50.1864 0.0 60 60
16.0658 49.8085 0.0 60 60
17.172 49.3977 0.0 60 60
11.2752 48.162899 0.0 60 60
13.046711 47.696972 0.0 60 60
11.636093 48.081493 0.0 60 60
11.682068 48.057861 0.0 60 60
11.53563 48.03228 0.0 60 60
11.5975 48.025799 0.0 60 60
13.0125 47.652401 0.0 60 60
13.7 48.84 0.0 60 60
13.7 48.84 0.0 60 60
13.7 48.84 0.0 60 60
13.7 48.83 0.0 60 60
13.71 48.84 0.0 60 60
13.69765 48.8387 0.0 60 60
13.69 48.84 0.0 60 60
13.7 48.83 0.0 60 60
13.71 48.83 0.0 60 60
13.71 48.84 0.0 60 60
13.69 48.84 0.0 60 60
13.69 48.83 0.0 60 60
13.69 48.83 0.0 60 60
13.71 48.83 0.0 60 60
13.713799999999999 48.8516 0.0 60 60
13.7 48.85 0.0 60 60
13.68 48.85 0.0 60 60
13.68 48.84 0.0 60 60
13.67969 48.82379 0.0 60 60
13.7 48.82 0.0 60 60
13.72 48.82 0.0 60 60
13.73 48.83 0.0 60 60
13.72 48.84 0.0 60 60
13.72 48.85 0.0 60 60
13.71 48.85 0.0 60 60
13.74 48.84 0.0 60 60
13.72 48.84 0.0 60 60
13.7 48.84 0.0 60 60
13.71 48.85 0.0 60 60
13.71 48.85 0.0 60 60
13.71 48.84 0.0 60 60
11.57208 48.14806 0.0 60 60
10.293358 47.406963 0.0 60 60
11.11313 47.497238 0.0 60 60
12.864466 47.761658 0.0 60 60
12.818837 47.805721 0.0 60 60
12.8671 47.740501 0.0 60 60
12.824082 47.745098 0.0 60 60
12.849878 47.754452 0.0 60 60
12.729887 47.744171 0.0 60 60
11.569399 48.120949 0.0 60 60
11.63885 48.030544 0.0 60 60
10.97883 47.416309 0.0 60 60
7.44 47.620722 0.0 60 60
5.898528 45.120239 0.0 60 60
6.94 44.25 0.0 60 60
6.95 44.26 0.0 60 60
6.6219 44.5496 0.0 60 60
5.8 45.06 0.0 60 60
5.77 45.24 0.0 60 60
6.7488 44.429 0.0 60 60
5.7025 43.5235 0.0 60 60
7.29985 43.72633 0.0 60 60
6.7724 44.6756 0.0 60 60
6.116735 45.205717 0.0 60 60
5.78 45.23 0.0 60 60
7.3662 43.739 0.0 60 60
5.81 45.06 0.0 60 60
6.68 44.35 0.0 60 60
6.68 44.35 0.0 60 60
5.81 45.06 0.0 60 60
11.638865 48.03018 0.0 60 60
23.86669 39.14804 0.0 60 60
23.268776 38.301522 0.0 60 60
20.4165 38.3172 0.0 60 60
22.04364 38.24676 0.0 60 60
20.3848 38.2036 0.0 60 60
24.0402 35.5074 0.0 60 60
25.163418 35.093273 0.0 60 60
23.39447 38.38777 0.0 60 60
23.21098 38.3727 0.0 60 60
23.331963000000002 38.29896 0.0 60 60
23.336006 38.329826 0.0 60 60
14.50064 37.02398 0.0 60 60
15.22713 37.25652 0.0 60 60
11.22813 46.47868 0.0 60 60
12.76567 42.57917 0.0 60 60
11.9023 45.8003 0.0 60 60
12.54828 43.47571 0.0 60 60
12.63994 43.18514 0.0 60 60
12.40726 43.31516 0.0 60 60
12.1928 43.44685 0.0 60 60
12.40222 43.45068 0.0 60 60
12.68641 43.424 0.0 60 60
12.28531 43.2786 0.0 60 60
12.24433 43.50967 0.0 60 60
10.4664 45.8228 0.0 60 60
12.05123 42.24795 0.0 60 60
15.6369 40.7153 0.0 60 60
12.47033 44.14294 0.0 60 60
10.3764 46.4694 0.0 60 60
11.7341 46.69868 0.0 60 60
12.08023 44.28418 0.0 60 60
15.3852 41.012 0.0 60 60
13.7614 43.1942 0.0 60 60
10.128662 45.455464 0.0 60 60
15.5114 40.5573 0.0 60 60
9.9345 45.6372 0.0 60 60
10.69 46.43 0.0 60 60
12.2336 43.4584 0.0 60 60
15.5225 40.542 0.0 60 60
9.296 39.366 0.0 60 60
13.670091 43.305297 0.0 60 60
15.4043 40.903 0.0 60 60
15.0802 40.6519 0.0 60 60
11.8056 44.580799999999996 0.0 60 60
10.217 45.606 0.0 60 60
13.00033 43.63183 0.0 60 60
12.3205 43.8011 0.0 60 60
16.435 40.3814 0.0 60 60
12.0131 45.8361 0.0 60 60
14.5345 36.8326 0.0 60 60
15.4633 40.8181 0.0 60 60
13.204833 43.091833 0.0 60 60
9.7622 45.2763 0.0 60 60
13.101667 43.329333 0.0 60 60
10.41268 44.41945 0.0 60 60
12.5873 38.03763 0.0 60 60
9.1349 45.2026 0.0 60 60
15.1356 37.6892 0.0 60 60
11.877 44.2895 0.0 60 60
13.018354 43.843471 0.0 60 60
12.81459 43.76911 0.0 60 60
13.04976 42.9621 0.0 60 60
11.5406 44.9035 0.0 60 60
11.49165 44.64031 0.0 60 60
12.931604 43.188561 0.0 60 60
10.1273 44.2393 0.0 60 60
12.76117 43.29483 0.0 60 60
12.3552 46.015 0.0 60 60
12.312986 46.011092 0.0 60 60
12.72572 43.51777 0.0 60 60
13.067434 43.238063 0.0 60 60
12.8942 42.6922 0.0 60 60
8.9697 44.4057 0.0 60 60
15.82888 38.16807 0.0 60 60
15.8179 38.1723 0.0 60 60
16.42002 38.82213 0.0 60 60
15.8531 39.7405 0.0 60 60
13.91612 40.71089 0.0 60 60
13.89522 40.74351 0.0 60 60
11.74248 44.35955 0.0 60 60
14.9033 36.7804 0.0 60 60
16.979492 39.283981 0.0 60 60
12.96239 41.4939 0.0 60 60
12.345623 37.991327 0.0 60 60
14.9906 40.9865 0.0 60 60
13.558 41.5047 0.0 60 60
13.58658 41.64709 0.0 60 60
16.8191 40.60325 0.0 60 60
10.1153 44.0139 0.0 60 60
13.188976 42.911418 0.0 60 60
13.813008 41.491036 0.0 60 60
12.631683 43.811583 0.0 60 60
13.60761 37.61864 0.0 60 60
13.1427 43.1927 0.0 60 60
9.4291 45.7054 0.0 60 60
14.83 37.11112 0.0 60 60
13.459709 42.987797 0.0 60 60
12.9717 43.1135 0.0 60 60
13.326833 42.899333 0.0 60 60
12.9973 43.44183 0.0 60 60
14.695 37.931 0.0 60 60
15.0067 40.837 0.0 60 60
13.469252000000001 43.137378 0.0 60 60
13.595667 43.062 0.0 60 60
10.7897 45.1495 0.0 60 60
11.180785 44.004901 0.0 60 60
10.949167 44.629722 0.0 60 60
12.7595 43.6292 0.0 60 60
13.36 38.16167 0.0 60 60
11.090265 43.957533 0.0 60 60
15.7296 40.4256 0.0 60 60
13.009601 43.256732 0.0 60 60
15.002567 40.918446 0.0 60 60
13.39654 42.75669 0.0 60 60
10.3163 44.5834 0.0 60 60
15.1222 40.8468 0.0 60 60
15.65 41.71 0.0 60 60
15.58 41.72 0.0 60 60
15.6 41.66 0.0 60 60
15.59 41.69 0.0 60 60
15.72 41.62 0.0 60 60
15.34 41.51 0.0 60 60
15.91 41.63 0.0 60 60
16.18 41.88 0.0 60 60
15.91 41.9 0.0 60 60
16.88 41.11 0.0 60 60
15.1703 41.8344 0.0 60 60
11.05 46.4 0.0 60 60
11.33 46.05 0.0 60 60
11.99514 36.81011 0.0 60 60
9.7247 45.0353 0.0 60 60
13.53233 43.60768 0.0 60 60
12.496333 43.696 0.0 60 60
13.194333 43.137868 0.0 60 60
12.983759 43.178198 0.0 60 60
14.1431 37.9926 0.0 60 60
13.6095 43.37783 0.0 60 60
15.2433 40.5609 0.0 60 60
11.1188 44.75587 0.0 60 60
12.945292 41.847261 0.0 60 60
11.0465 42.949 0.0 60 60
13.21452 42.50898 0.0 60 60
12.51553 41.82842 0.0 60 60
10.62 45.98 0.0 60 60
11.5095 43.838 0.0 60 60
12.413039 43.66482 0.0 60 60
15.18 40.93 0.0 60 60
12.5923 41.7805 0.0 60 60
11.6099 45.64 0.0 60 60
13.399167 43.09667 0.0 60 60
10.4007 44.184 0.0 60 60
10.91987 45.05108 0.0 60 60
16.0759 40.19924 0.0 60 60
15.5114 40.6951 0.0 60 60
12.94762 43.14683 0.0 60 60
16.627906 38.983001 0.0 60 60
13.2331 43.7052 0.0 60 60
11.29582 45.00997 0.0 60 60
11.84695 43.90477 0.0 60 60
15.5782 40.7889 0.0 60 60
10.31064 45.563555 0.0 60 60
15.714499 38.25629 0.0 60 60
13.3353 42.6305 0.0 60 60
15.1927 40.7357 0.0 60 60
16.05424 38.07323 0.0 60 60
16.338806 39.291028 0.0 60 60
13.176956 43.228783 0.0 60 60
12.13136 43.57387 0.0 60 60
13.282205 42.634223 0.0 60 60
12.435667 43.381567 0.0 60 60
12.409367 43.370417 0.0 60 60
12.41034 43.40134 0.0 60 60
15.5365 40.3799 0.0 60 60
13.312848 43.311198 0.0 60 60
11.1606 45.523 0.0 60 60
10.9 45.83 0.0 60 60
13.84059 42.39455 0.0 60 60
15.5721 40.6052 0.0 60 60
15.427 40.7408 0.0 60 60
12.3765 45.4167 0.0 60 60
13.42156 40.79478 0.0 60 60
15.901 40.336 0.0 60 60
10.504 45.6429 0.0 60 60
10.7319 45.6378 0.0 60 60
11.56 46.28 0.0 60 60
11.4876 45.4536 0.0 60 60
19.7126 48.5689 0.0 60 60
20.4856 48.4832 0.0 60 60
18.3133 47.8133 0.0 60 60
18.394 47.7627 0.0 60 60
21.2437 49.4167 0.0 60 60
26.1406 40.607 0.0 60 60
25.9183 40.1998 0.0 60 60
27.5357 40.9902 0.0 60 60
26.6322 41.1288 0.0 60 60
