19.5 42.05
18.8477597 45.8542024
14.751474 44.972003
16.784453 43.608877
15.05747 43.99191
16.455717 46.131166
16.404696 44.004883
15.270319 44.688436
16.0686 46.1551
16.891928 42.768552
17.019674 43.287712
14.87105 44.56347
15.623055 44.878389
15.968193 45.907328
17.133 43.4944
13.501932 45.494952
18.31235 42.6007
15.769351 44.531422
17.848056 45.436024
15.986949 45.826997
24.0318 49.8186
12.624 50.0497
16.0152 50.5765
-0.54 38.67
-0.97 39.59
0.2 42.66
1.34 39.03
1.53 41.91
-0.47 40.36
1.08 41.35
0.33 40.96
-0.47 41.72
2.81 39.77
1.752517 41.182117
11.2203 49.690899
29.224199 50.701199
15.433272 48.670613
25.2167 47.6147
25.2175 47.6326
25.1805 47.633
15.0246 46.4342
27.6694 50.9305
28.189 50.746
27.85 50.418
15.988603 40.30579
15.917465 40.221487
18.9507 44.0862
21.81534 42.816477
15.8597222 44.8086111
21.70579 43.635172
12.5304 50.3316
12.5152 50.2059
17.001111 43.8227778
12.5197 50.2591
12.3772 50.2354
