14.22 36.0323
21.4071666666667 38.4123333333333
21.5143333333333 38.435
21.2488333333333 38.4848333333333
21.706 38.4945
21.0905 38.5815
21.6693333333333 38.5943333333333
21.39 38.6141666666667
21.6048333333333 38.7001666666667
21.6046666666667 38.7026666666667
21.444 38.7041666666667
20.9526666666667 38.7068333333333
21.0761666666667 38.8238333333333
20.9776666666667 38.856
21.155 38.8643333333333
20.8603333333333 39.0866666666667
21.1311666666667 39.1106666666667
20.0608 39.4465
20.02 40.2947
19.5671 40.7173
19.656 40.7232
19.6187 40.730199999999996
20.679 40.8996
21.3239 41.0194
20.7989 41.1114
20.0814 41.1166
20.8354 41.1705
19.4573 41.3199
22.5701 41.3211
19.8078 41.3357
21.2489 41.3689
20.5571 41.4788
23.7496 41.5469
25.3396 41.6303
19.7199 41.6359
21.6123 41.6786
21.2743 41.6827
21.1392 41.6928
24.7388 41.6942
22.4382 41.7754
22.898009 41.776282
21.7531 41.7795
23.1287 41.8417
21.19505 41.87795
21.2595 41.9217
21.4396 41.9721
25.5779 42.0457
19.5 42.05
20.4113 42.0756
22.3068 42.1091
24.7475 42.1469
22.3617 42.2092
20.75812 42.21076
18.898600000000002 42.3008
18.49836 42.44749
23.4255 42.4762
22.46101 42.49825
24.1734 42.5137
19.9735 42.595
18.31235 42.6007
23.2342 42.6144
20.2783 42.64
21.2197 42.6588
23.3698 42.6761
18.35 42.717
18.9529 42.7669
18.998170000000002 42.81285
21.81534 42.816477
22.6513 42.8345
23.2793 42.857
19.89811 42.87175
18.54394 42.90072
27.3778 43.0934
27.4786 43.1044
27.6691 43.1196
25.1732 43.1227
21.1263 43.1277
20.5451 43.1576
27.4099 43.1602
18.5853 43.1694
18.579 43.174
27.4628 43.179
18.91 43.2029
21.120913 43.214253
27.2753 43.2643
25.9763 43.2653
22.633529 43.273577
18.103 43.299
19.39426 43.32987
23.74 43.356
21.1962 43.4186
20.87342 43.56244
20.152395 43.576676
16.784453 43.608877
19.37 43.618
21.70579 43.635172
28.1359 43.6376
15.643891 43.654255
23.4356 43.6899
20.6878 43.7248
23.9664 43.7263
28.595 43.8011
22.232787 43.812589
17.001111 43.8227778
21.9532 43.8289
19.7098 43.8492
18.4227778 43.8677778
20.1863 43.898
19.4104 43.9646
21.26 43.971
15.05747 43.99191
26.6382 44.0772
18.9507 44.0862
27.9657 44.0882
22.01765 44.09043
20.4833 44.105
24.3419 44.1088
28.6572 44.1608
17.9 44.2016667
25.9743 44.2228
20.406266 44.223525
21.8069 44.2409
19.753 44.2417
19.883 44.2726
26.1899 44.3085
28.0374 44.3336
28.033 44.3421
26.0281 44.3479
25.9414 44.3784
26.1369 44.3812
26.1069 44.3862
26.0771 44.4049
26.119 44.4059
26.0938 44.4107
21.67489 44.41226
26.0224 44.4142
17.084 44.417
26.05 44.43
26.2135 44.4328
26.1067 44.437
26.1611 44.441
26.0904 44.4445
26.0984 44.4458
26.1378 44.4483
19.076 44.457
26.0758 44.4667
26.0273 44.4813
17.163 44.508
26.0773 44.5118
25.9937 44.5275
18.685 44.5419444
19.528069 44.549344
22.5278 44.6698
22.5289 44.6711
15.270319 44.688436
20.51315 44.69595
18.1 44.733
10.31311 44.76374
28.8769 44.7661
19.267 44.783
15.8597222 44.8086111
16.911 44.847
24.8812 44.8558
26.0274 44.9142
25.4563 44.9361
14.751474 44.972003
16.7151 44.9764
24.2848 45.0363
21.32477 45.12276
27.480232 45.135824
26.8099 45.1503
25.0739 45.2349
21.8751 45.2987
25.5526 45.355
27.0384 45.3906
17.848056 45.436024
28.0541 45.4411
13.501932 45.494952
20.4744 45.5376
25.6347 45.6131
21.2211 45.7365
20.702421 45.78178
24.1757 45.8099
15.986949 45.826997
27.4089 45.8416
23.5635 46.0657
20.601736 46.071346
27.182 46.0952
19.6506 46.11175
16.0686 46.1551
15.0246 46.4342
23.5501 46.7683
15.9505 47.5431
26.244778 47.640218
15.8878 47.6958
13.046711 47.696972
16.1894 47.718
16.1008 47.8186
16.6814 47.9772
11.5975 48.025799
24.1663 48.0259
11.53563 48.03228
11.682068 48.057861
11.636093 48.081493
16.2594 48.0887
22.957 48.095
23.1339 48.1573
11.2752 48.162899
23.4571 48.1976
22.6464 48.2336
25.9217 48.2975
25.0648 48.3137
23.0203 48.338
22.6874 48.4536
23.5121 48.512
15.6229 48.5145
22.38442 48.52705
26.46 48.563
27.3664 48.5947
22.2908 48.6289
15.433272 48.670613
24.5014 48.7106
16.0568 48.9411
16.3306 48.957
14.5644 49.0132
22.6212 49.0159
14.2407 49.068
15.9501 49.121
23.876 49.124
14.3058 49.1555
26.4263 49.2138
23.3621 49.2234
16.127 49.2441
14.3606 49.2786
14.6369 49.3039
16.3371 49.5854
17.7193 49.7563
24.0318 49.8186
17.7728 49.93433
17.4028 50.2088
