12.5123 46.7474
15.5232 47.2505
13.6383 47.6913
15.8618 47.9282
15.8588 47.9282
9.8803 47.286701
10.7291 47.0211
13.3447 47.0784
14.132 48.055
12.677 47.4243
14.2659 47.8495
11.1037 47.3448
13.6416 46.6299
14.5489 46.5092
10.7623 47.4871
16.2963 47.6997
14.566836 47.11321
15.0327 46.678
11.2087 47.2205
16.347 48.66
16.3617 48.2483
11.5763 47.3357
16.07 48.11
11.6363 47.2638
20.0723 42.3637
20.785909 40.623068
20.44 41.6847
19.900001 42.040012
20.005316 39.878303
19.8631 41.3472
19.495075 40.470026
22.6749 43.6227
25.8751 42.9287
26.583 42.467
28.4162 43.4059
26.4941 43.8024
26.593 43.37
24.6207 43.387
26.5079 43.5662
28.6057 43.5389
17.1839 44.7488
8.25474 47.58771
6.95295 46.34176
7.69498 47.33578
6.46757 46.7872
10.02309 46.41363
8.424899 46.87033
7.2301 47.39363
6.472979 46.938
6.054836 46.235876
6.61184 46.78233
7.12129 47.1609
6.12055 46.29249
8.012475 47.23088
9.879519 46.7805
7.40839 46.08105
7.83223 46.21652
8.013579 47.43757
8.110509 46.4352
7.13579 46.15632
10.26355 46.62033
8.6629 46.45481
6.26545 46.53363
8.318863 46.57814
7.11106 46.25053
8.15117 46.75681
6.94038 46.21934
7.29096 46.63394
6.131509 46.43213
7.771659 46.41554
9.492699 47.2946
7.64433 46.37454
9.00825 46.84676
8.25262 47.71217
7.11229 45.95101
7.9640889999999995 46.05069
7.16525 47.37926
9.04171 45.92184
8.63706 46.96764
7.64884 47.50647
8.748279 46.59512
9.111708 46.82574
5.90792 46.19107
9.38076 47.04921
9.336009 47.5643
7.92093 47.47612
7.08645 47.30266
6.97302 46.14415
6.097039 46.06018
5.973429 46.06592
7.29938 46.36334
8.019579 46.23962
8.492359 47.76449
8.86899 47.66974
8.111869 47.52752
6.958739 46.77362
8.68161 47.6487
7.596779 46.21005
9.44956 46.48317
9.16648 46.2061
6.27815 46.45175
9.02207 46.42309
8.98681 47.52976
8.92525 47.09837
8.907529 47.41465
7.62418 46.66487
7.3688 46.99777
8.58088 47.36921
14.30955 48.81989
16.3222 50.3502
17.6707 48.8591
13.5782 49.1309
16.8341 50.0966
16.3952 49.0619
17.5425 49.7768
18.1399 49.8346
14.4331 50.0703
14.5417 49.9883
15.299556 49.029533
15.4871 49.2948
16.5933 49.3084
14.1923 49.4389
11.2795 48.142334
11.22 47.91
8.177979 47.8716
13.0275 47.6353
12.87726 47.720501
11.2473 48.1522
11.275473 48.162877
11.275394 48.162975
11.275561 48.162972
11.275332 48.162769
11.27502 48.162958
11.275565 48.16308
11.276804 48.165591
11.275476 48.162941000000004
8.846759 47.89518
11.275065 48.162904
11.273684 48.164357
11.276289 48.164883
11.2768 48.1639
13.700627 48.844303
13.71 48.83
11.2514 48.1629
11.2635 48.1406
7.70018 47.66038
12.6 48.12
11.510058 48.067497
11.587935 48.077927
11.707375 48.070885
11.7188 47.979698
11.5171 48.0
12.795714 47.737167
12.841651 47.768345
11.7104 47.038399
11.288809 48.173897
10.1071 47.6799
9.1231 47.7528
0.760999 45.573975
3.1310000000000002 46.052
8.763 41.9279
5.3325 43.4917
5.8067 43.5882
5.675 44.9422
5.672365 44.941426
5.653199 44.95068
3.451818 44.519686
4.1563 44.3689
6.045 43.951
6.256064 47.246936
1.7711 45.9568
5.6433 43.8009
6.9218 43.7528
6.07608 46.309893
6.066212 46.266947
3.111 45.763
3.8445 46.5581
6.6517 47.2484
3.09 43.135
2.932 45.435
3.6936999999999998 45.5004
7.1312 43.5479
6.7775 44.1095
7.3744 43.831
5.463089 47.505456
6.2549 43.3827
5.810501 47.104272
2.563 45.385
1.5912 46.5152
5.7439 45.2413
2.200888 46.173861
2.701 46.52
7.254296 47.683438
7.05 44.184
3.221365 43.969837
3.247 45.232
2.55412 44.76055
0.7401700000000001 44.9395
3.8589 47.2683
6.30842 46.346559
6.033356 43.079525
5.7675 43.988
7.424688 43.730343
1.1953 44.3676
9.363 42.953
2.2175 43.3411
7.153 43.896
7.20276 43.6802
6.220211 46.154234
5.571813 46.044786
6.539745 44.78784
5.096536 44.850137
5.549892 44.429092
5.088972 45.153917
6.712353 45.472393
5.069002 44.556977
6.2253 44.1093
4.611435 45.878365
6.709738 44.910273
6.074 44.3703
6.68308 45.20865
5.889317 45.881011
4.7522 46.3459
5.80467 45.060788
5.801324 45.064487
5.806072 45.06951
6.401519 45.036803
6.75611 46.0567
5.6972439999999995 45.609314
6.682073 46.329823
6.11233 44.81517
5.88 44.9183
8.9994 42.5483
7.617472 44.116444
3.621 45.97
4.7442 46.95652
7.2191 43.64387
3.8590809999999998 43.715286
5.922489 46.759014
1.51639 45.3044
6.6472 47.71069
6.624517 45.688207
5.4837 43.9412
6.6888000000000005 43.881
7.5532 43.986
5.1064 43.9377
3.618578 45.047528
2.1642 44.1912
9.2847 42.0945
7.2366 44.0558
4.542 45.279
6.811695 44.480935
3.9587 44.1054
6.4074 43.7471
7.3919 43.9749
4.892048 44.905697
2.483 45.749
7.27652 47.965735
4.7697400000000005 44.37408
7.8629999999999995 43.398667
22.8692 37.8902
22.336 39.0211
21.72277 38.3959
26.046 40.885
21.2135 38.9224
21.7089 37.5324
23.30117 35.86704
21.9209 38.5933
23.8436 39.1478
25.52301 37.07274
23.0213 38.6926
23.71767 37.97384
23.7845 37.9665
22.659 38.7664
21.3763 38.1962
24.0428 35.5193
26.0506 38.3869
25.4056 36.4709
23.93306 38.07794
22.9795 38.2569
20.5746 38.6839
21.71 37.952
22.5271 38.4112
21.9058 38.4269
23.1189 37.6144
20.656 38.621
21.8105 38.91657
21.3836 40.7817
20.5623 38.4593
22.401 40.957
22.3423 37.9363
24.08738 34.83914
24.0585 34.8389
23.0996 40.5978
25.0709 35.3058
24.89 35.288
20.3299 39.5315
23.9811 35.4606
24.7995 34.9731
24.4632 35.3486
21.92522 37.17872
20.84874 39.65616
22.1398 38.3911
27.16106 35.5471
24.437 38.0321
24.513666 40.99666
19.79623 39.7127
23.5577 35.3692
22.15042 38.0435
23.6248 35.2348
25.18017 35.304187
22.898 41.162
23.999200000000002 40.8178
21.36321 39.95495
23.1502 37.383
25.3372 35.1801
20.576 39.2492
23.0621 36.2566
22.9939 36.2447
22.136 36.9261
24.100138 38.633147
21.78209 40.30331
21.9785 38.2401
25.18055 39.89725
22.48916 40.10333
20.65779 38.78893
22.99886 38.64956
22.9743 37.9879
20.8367 37.7095
22.9673 38.0228
21.87263 38.39341
23.4662 38.0606
23.385876 37.578529
23.329567 37.612669
21.947007 38.414981
21.946015 38.414084
21.948053 38.414174
21.945772 38.415536
21.946234 38.412867
21.948785 38.415496
23.22189 39.30567
21.0489 40.4147
27.17817 36.60233
27.1309 36.6106
27.17666 36.57441
25.61037 35.26134
23.86517 41.34846
20.696265 37.851123
23.9791 40.3325
23.6768 39.9363
21.1833 38.5986
21.13842 40.19588
25.4733 35.0429
21.4073 38.4124
23.44443 40.37328
24.550167 41.3525
21.0965 39.5299
22.184363 38.321825
20.5841 38.114
23.8638 38.0473
21.525 38.616
21.742 36.8955
25.53553 41.14503
21.46475 38.05586
21.89204 38.30811
23.7577 35.5604
20.7715 38.076
22.0566 38.4133
24.4853 37.1609
25.8553 39.2114
24.81204 35.01777
24.5482 38.8831
25.530450000000002 40.47094
25.4282 36.4159
23.3539 40.8217
23.595 41.10866
26.0909 35.2021
21.013 37.2497
21.274667 39.3445
22.6634 38.0357
24.7194 40.6064
22.9628 40.6319
25.475262999999998 36.366992
22.0144 39.56468
25.0221 37.6541
25.429562 36.385841
22.07272 38.36543
22.2325 39.711
21.7864 38.2836
24.1997 35.407
23.3122 38.1642
22.94686 36.71803
20.5886 38.17683
22.3793 37.3703
23.7942 37.8524
21.8116 38.4222
23.19178 39.36598
26.21691 35.1147
21.2397 48.2961
20.7258 46.3501
16.7755 46.4703
20.267 47.2996
19.0201 47.4831
18.2606 47.3631
17.3317 47.4162
18.0999 46.0883
21.9007 47.3849
18.6436 46.215
17.5348 47.1712
19.8934 47.9182
16.5567 47.6807
17.8877 46.9001
22.5391 48.1304
13.8167 45.2926
13.750296 44.905732
18.14687 42.669083
16.4488 43.1776
16.455717 46.131166
16.404696 44.004883
16.891928 42.768552
17.019674 43.287712
15.707297 43.866017
16.7544 45.6135
14.87105 44.56347
15.467266 45.61527
15.623055 44.878389
15.968193 45.907328
17.133 43.4944
14.483006 45.325086
17.6999 42.8716
15.769351 44.531422
15.98687 45.827084
11.3205 46.7285
15.9427 40.7867
13.5137 46.548
9.1733 41.1269
12.0472 46.2829
15.233 37.9712
13.753730000000001 37.74897
16.6041 40.9071
15.3331 40.9298
13.602 43.55017
12.41991 43.55846
15.54308 41.75738
13.405 42.354
11.4754 42.8519
12.94153 43.49807
11.7893 43.7967
12.6587 43.0426
12.5715 43.3666
12.26801 43.33419
12.457 43.4807
12.40663 43.38211
13.2438 46.234
10.8187 45.683
10.59698 44.06238
7.26333 44.83517
15.132629 41.199899
6.934 45.8444
6.678 45.052
9.44782 44.76792
13.0984 46.3195
11.3185 46.4952
10.482 45.1071
11.76657 44.22454
10.37218 46.47616
14.5938 41.5461
15.3776 40.0783
7.5569 43.7825
14.1407 40.82
12.4379 46.009
15.2366 41.028
11.9663 43.3292
13.409 42.53578
8.2372 44.2075
15.816928 41.158295
16.2114 39.2534
10.4821 44.026
10.8652 42.7908
11.0031 44.8658
12.7556 37.67883
14.08057 40.810901
15.3046 40.4896
15.8939 38.2603
10.210652 42.746577
16.5088 39.4027
14.0183 41.5978
12.98176 41.94903
12.9046 43.0049
12.58676 42.608486
15.954618 39.528756
14.0935 40.8329
17.517326 40.648402
11.8047 45.8806
14.90502 41.65418
12.4448 46.3116
13.1954 43.37557
7.5682 45.6019
13.962 37.158
13.216 37.578
12.8814 46.4569
13.8229 37.4639
14.089047 40.778154
15.303 40.3181
14.1818 40.8382
14.163176 40.79817
15.330400000000001 40.6871
14.1473 40.8187
13.3038 37.8943
14.147 40.8292
14.1187 40.8211
14.1625 37.4075
11.95167 43.61888
13.00433 37.80162
10.979506 43.795597
12.883011 43.768478
14.4223 40.8212
14.1397 40.8291
14.05785 37.93745
11.29017 43.47311
14.1443 40.8275
14.149329 40.829447
11.6497 46.04818
15.8155 39.9938
9.60668 40.31802
8.4388 46.13512
8.288 45.9358
11.1884 45.8808
13.645 46.1733
13.8013 45.6589
15.0865 37.7802
14.9129 37.6863
15.0018 37.7653
14.9865 37.7437
15.121 37.882
14.9041 37.7313
15.2103 37.7896
15.05257 37.57919
15.0336 37.7912
15.0902 37.7357
14.9979 37.7196
15.026 37.8168
14.9703 37.679
14.945 37.498
14.9498 37.8208
15.0216 37.6314
7.42033 44.22666
15.0168 37.7659
15.0567 37.8113
15.1773 37.8204
15.1885 37.6719
14.857 37.824
10.153 44.166
15.1345 37.7551
14.8152 37.747
14.9744 37.6934
14.8794 37.6181
15.0274 37.6925
14.9469 37.7731
13.58379 42.26573
13.659995 37.328791
13.0873 43.0365
13.11718 42.26802
11.255134 43.774366
11.1229 44.16782
11.15622 43.20972
13.0011 46.4142
12.7804 46.59658
10.9587 46.0835
14.5665 37.7107
14.910201 41.513145
7.8399 44.2416
13.1386 46.275
14.026023 37.990126
13.572833 42.453167
13.25458 41.55827
16.20777 38.97983
9.2926 44.6071
10.0658 44.4913
10.5881 44.35047
13.31229 41.7945
13.3352 43.0627
15.155 37.285
15.122 36.9596
15.0325 37.2831
14.872 37.3485
14.7831 36.959
15.222 37.0928
14.5216 36.9926
14.7155 37.1783
14.355 38.533
14.5753 38.5642
13.8551 40.7115
14.9483 38.4457
7.89317 43.9105
13.8758 40.7209
13.9046 42.01154
13.9008 40.7458
13.943825 40.746222
15.2304 38.7992
15.1918 38.7866
14.9608 38.3968
13.872129 40.75909
14.9482 38.3961
14.9801 38.3763
14.986 38.396
15.8856 38.6068
11.3778 46.463
11.804 42.6137
12.69888 41.67778
14.928733 38.083692
12.86432 35.8613
15.1804 40.8969
11.707267 44.07746
13.04032 42.60286
12.6302 35.518299999999996
14.1832 42.0468
7.13433 45.4595
10.9436 45.9595
12.65907 41.769756
10.514 46.05492
10.6286 45.7753
10.657926 43.273245
10.4915 43.91417
15.8063 40.29722
13.433009 37.954428
11.2099 45.6378
12.5647 37.7532
17.144 40.633
16.70442 40.64907
10.858943 45.697536
12.953452 37.946147
15.8019 40.3249
11.6765 42.77861
14.731 38.1199
15.1684 40.7826
9.716 45.76972
15.127 41.7059
17.850423 40.589408
12.92242 37.79082
12.11214 42.91263
15.55352 40.1376
7.8082 44.0426
14.25402 41.64188
16.441 40.6044
9.2321 45.4803
15.2313 38.2713
12.6154 46.1495
12.97673 37.66195
15.990414 39.890961
15.158 41.37
13.8779 41.1459
12.570071 42.80387
7.9271 45.0739
10.5495 46.6164
16.0067 37.9531
15.3528 38.1465
12.9877 46.2408
14.96815 41.1227
15.703 38.162
7.06101 45.76975
15.48892 40.7564
16.1958 41.0609
15.9096 41.712
14.5916 38.0339
15.5083 38.2639
9.51739 44.31625
12.74222 42.0228
12.75932 37.89337
11.4248 44.3128
15.7515 40.2663
15.69992 38.0031
14.8739 38.043
12.5246 43.263
12.580583 43.610823
10.8987 44.8873
7.70267 43.84617
17.0644 40.7888
15.1356 38.0286
13.11427 42.83355
13.6857 42.935
11.1724 45.3082
16.450405 40.05096
9.9307 45.4056
11.24579 43.52358
14.39667 40.8275
12.924 46.245
15.9602 40.9441
14.567486 41.031206
12.2386 43.6486
8.54517 44.54133
12.84018 43.94105
14.1148 37.8335
11.9788 36.794200000000004
12.0405 36.7714
15.7967 40.5722
12.535 43.53567
14.17989 41.200001
10.52495 43.72193
16.8158 39.48514
16.4383 38.4494
9.853652 44.049818
13.1481 46.5491
13.71202 41.71743
12.5005 46.0266
10.757 44.045
13.565 46.4428
14.81078 41.22345
13.354 46.4075
14.034938 40.761401
13.40057 42.02193
14.529 41.3641
16.06124 40.52148
12.7419 46.4258
11.9729 36.8121
15.807 40.6458
7.116 44.5068
8.34592 44.32425
14.3624 37.2225
15.5361 40.8755
12.7103 41.76039
7.1565 45.8378
14.0568 37.6468
12.70222 41.81112
8.9512 44.4712
14.1524 41.70328
8.06617 44.11217
11.4118 46.9281
14.9315 42.2364
8.3527 44.8493
11.0721 45.6468
6.79083 44.92083
15.176 40.9643
12.445128 43.937695
7.26533 45.14817
13.6336 45.9875
14.7057 41.3974
11.90967 42.84906
16.3459 39.8772
10.5243 45.6183
8.913604 44.867306
7.8685 45.8753
13.101908 37.516469
13.74926 37.94064
18.4675 40.0724
11.35855 44.05428
9.4566 40.4444
16.6886 39.0359
11.67894 42.868614
14.37917 41.38667
15.30738 40.56045
15.7437 41.7546
15.365 41.135
15.8675 40.1821
15.63277 40.39
15.20908 40.92542
12.940570000000001 43.255
13.53261 38.09193
14.335709 40.58256
12.50993 42.23696
15.458 40.4861
15.2292 41.0785
12.78225 43.436280000000004
15.0737 37.1577
12.7104 46.2601
15.2149 38.809615
7.326 44.2455
8.490392 39.122956
13.776334 42.22944
17.2846 40.5259
16.33762 39.6601
11.673888999999999 45.361667
13.60393 42.62279
16.7583 39.1794
12.00017 42.06406
7.747 45.51267
15.51 42.123
13.764 45.709
10.90265 43.11478
14.5502 41.7666
13.9138 42.8081
9.34732 46.47223
13.17913 38.70787
14.3533 37.469
14.2342 41.4154
8.77 45.867695
12.1051 45.9922
14.438636 40.818549
14.4299 40.83
14.4314 40.819
13.2755 46.25383
11.43431 44.188961
14.630154 41.18326
12.770183 41.750225
10.3864 44.1594
10.6628 45.3135
11.5327 43.9545
10.504497 43.631413
10.516896 43.65693
10.46937 43.640408
9.378 39.496
14.4242 40.8059
15.6163 40.9549
14.4238 40.8356
13.62324 41.86965
10.9765 44.35085
12.9729 46.5584
14.5242 35.8373
28.8175 46.9975
28.2467 46.4733
28.8127 46.9186
29.8723 46.5293
28.3513 48.135
19.26083 42.42967
18.9226 42.5465
22.7075 49.6314
20.2996 49.4182
19.7984 50.2195
27.3351 44.6102
24.3537 47.0855
24.6332 45.3657
23.345 44.0201
21.137 45.3828
27.6436 46.2334
26.7099 45.5481
26.1029 46.9387
23.4969 47.6728
21.7856 47.0902
25.6611 46.0749
25.2167 47.6147
25.2175 47.6326
25.1805 47.633
25.2002 47.644
21.6401 45.6188
22.496 47.6855
28.1362 45.178
29.289 45.4245
27.0261 44.197
23.5981 46.7133
25.2172 44.1343
23.7999 44.325
28.0624 44.3207
22.898 45.887
25.3886 45.9675
26.609 48.2073
22.7111 46.7917
28.6323 44.075
27.408 46.0605
26.5009 46.9551
26.9747 45.3801
22.7767 45.3933
27.9303 44.6893
22.416 44.881
24.9804 44.5281
27.5748 47.1777
27.8009 44.1168
26.5432 45.1187
27.7655 45.5442
25.5154 46.7059
26.8194 44.4739
23.7698 45.446
28.5876 43.8168
23.1189 46.676
24.3765 46.1497
21.7128 44.7815
22.9494 47.1499
28.4224 44.1779
25.945 45.4909
27.8666 45.5335
27.8771 45.5373
26.2952 45.4272
27.442166 46.837498
27.0558 45.7633
25.2919 46.2969
26.394 46.3349
27.1477 45.8723
27.2311 45.723
26.9768 44.9199
26.6498 45.8512
26.2276 47.3616
22.9325 44.2782
27.1493 44.2144
22.6922 44.6627
26.685465 45.72664
27.8302 45.5007
27.8314 45.4702
27.9949 45.6741
21.663 46.2653
27.7703 45.5897
23.2038 44.6609
24.9609 44.8629
26.2526 44.6777
22.1246 45.754
28.0498 45.5977
26.6489 46.5118
24.5222 46.5284
28.4128 44.4581
28.0419 44.5858
28.0467 44.5445
28.8151 45.1861
24.273 45.652
28.4196 44.8565
29.7269 45.1621
27.6687 45.5939
27.8487 45.8996
27.7911 46.6415
24.4038 43.9986
28.0808 45.8443
25.0495 45.4371
26.7277 45.8657
25.3652 43.6572
22.2731 48.9333
19.4678 49.1505
17.277 48.373
20.2339 49.1894
18.836 48.4939
17.1025 48.1961
15.2518 45.504299
13.7368 46.2281
14.4221 45.738098
15.4569 45.826
14.2613 46.0807
15.4695 46.149502
14.4434 45.934799
14.8101 45.531101
15.6275 45.867199
15.6245 46.010799
13.9999 46.317402
15.5018 46.460999
14.0643 45.893398
14.380700000000001 45.527802
16.250401 46.448101
15.3177 45.9488
14.5278 46.0438
14.4433 46.294102
14.9977 46.061199
15.1139 46.636501
13.5094 46.244499
14.0143 45.546397999999996
14.8393 45.803299
14.7014 46.101601
13.8877 46.0322
15.0246 46.4342
19.406053 43.865156999999996
19.991711 44.098236
19.8098 45.1573
20.715084 43.888764
19.973146 43.261405
19.7005 43.5077
27.736 41.129
26.7437 41.847
26.153 40.7362
26.5132 40.6708
25.8987 40.1908
27.327514 40.747895
26.4742 40.398
27.5238 41.6308
27.1777 40.6875
