14.22 36.0323
23.7496 41.5469
25.3396 41.6303
24.7388 41.6942
23.1287 41.8417
19.5 42.05
24.7475 42.1469
23.4255 42.4762
24.1734 42.5137
18.31235 42.6007
23.2342 42.6144
21.81534 42.816477
22.6513 42.8345
23.2793 42.857
25.1732 43.1227
27.4099 43.1602
25.9763 43.2653
23.74 43.356
16.784453 43.608877
21.70579 43.635172
28.1359 43.6376
17.001111 43.8227778
15.05747 43.99191
18.9507 44.0862
15.270319 44.688436
15.8597222 44.8086111
14.751474 44.972003
17.848056 45.436024
13.501932 45.494952
15.986949 45.826997
16.0686 46.1551
15.0246 46.4342
15.433272 48.670613
24.0318 49.8186
