23.1287 41.841702
28.1359 43.637501
25.9762 43.265301
23.853684 42.064757
6.054836 46.235876
6.07608 46.309893
6.066212 46.266947
13.750296 44.905732
15.05747 43.99191
16.4488 43.1776
16.455717 46.131166
15.707297 43.866017
16.7544 45.6135
15.623055 44.878389
15.968193 45.907328
17.133 43.4944
16.8341 50.0966
8.763 41.9279
5.6433 43.8009
7.3744 43.831
7.424688 43.730343
7.20276 43.6802
10.153 44.166
10.0658 44.4913
7.70267 43.84617
10.757 44.045
8.9512 44.4712
8.06617 44.11217
23.7845 37.9665
22.9795 38.2569
24.437 38.0321
24.0585 34.8389
24.4632 35.3486
23.6248 35.2348
25.18017 35.304187
22.136 36.9261
25.0221 37.6541
23.30117 35.86704
21.133032 37.890629
21.8105 38.91657
20.84874 39.65616
25.3372 35.1801
21.327958 37.964976
24.100138 38.633147
25.18055 39.89725
21.576086 37.058679
23.86517 41.34846
25.53553 41.14503
24.81204 35.01777
25.53045 40.47094
21.274667 39.3445
22.94686 36.71803
22.95812 39.00831
26.046 40.885
23.8436 39.1478
26.0506 38.3869
22.401 40.957
23.0996 40.5978
20.3299 39.5315
20.632 38.462231
22.898 41.162
21.36321 39.95495
23.1502 37.383
22.48916 40.10333
20.65779 38.78893
27.17817 36.60233
23.9791 40.3325
23.6768 39.9363
25.8553 39.2114
23.595 41.10866
24.7194 40.6064
14.1407 40.82
14.0935 40.8329
14.1818 40.8382
14.1473 40.8187
14.147 40.8292
14.1187 40.8211
14.4223 40.8212
14.1397 40.8291
14.1443 40.8275
13.8551 40.7115
13.8758 40.7209
13.9008 40.7458
12.97673 37.66195
14.4299 40.83
14.4314 40.819
14.4242 40.8059
14.4238 40.8356
5.675 44.9422
5.67059 44.939439
13.2755 46.25383
24.6332 45.3657
26.1029 46.9387
21.6401 45.6188
28.1362 45.178
26.5432 45.1187
27.7655 45.5442
27.8771 45.5373
26.394 46.3349
27.8314 45.4702
28.4196 44.8565
13.8877 46.0322
10.516896 43.65693
10.46937 43.640408
18.9507 44.0862
