15.433272 48.670613
21.81534 42.816477
18.8477597 45.8542024
15.8597222 44.8086111
17.2 45.884
21.70579 43.635172
16.086 46.372
17.001111 43.8227778
15.988603 40.30579
15.917465 40.221487
19.5 42.05
17.848056 45.436024
15.986949 45.826997
21.2397 48.2961
0.760999 45.573975
11.3205 46.7285
12.5123 46.7474
22.336 39.0211
3.131 46.052
12.0472 46.2829
25.39669 36.35839
11.2795 48.142334
20.7258 46.3501
13.444468 43.608845
21.2135 38.9224
21.7089 37.5324
21.9209 38.5933
25.52301 37.07274
15.54308 41.75738
13.405 42.354
5.3325 43.4917
24.3537 47.0855
15.5232 47.2505
5.8067 43.5882
11.7893 43.7967
23.0213 38.6926
23.71767 37.97384
13.2438 46.234
23.345 44.0201
3.451818 44.519686
6.46757 46.7872
4.15633 44.36892
21.137 45.3828
15.068847 38.06703
8.17798 47.87161
19.406053 43.865157
11.22128 47.91084
16.7757 46.4706
10.023095 46.413636
13.0275 47.6353
12.87726 47.720501
11.2473 48.1522
13.6383 47.6913
15.132629 41.199899
27.6436 46.2334
6.045 43.951
22.675 43.6227
17.1839 44.7488
8.4249 46.87034
6.678 45.052
15.2518 45.5043
13.0984 46.3195
11.3185 46.4952
25.6611 46.0749
6.256064 47.246936
7.2301 47.39364
10.482 45.1071
6.47298 46.93801
1.7711 45.9568
20.267 47.2996
19.0201 47.4831
13.7368 46.2281
12.4379 46.009
9.842659 43.050003
6.9218 43.7528
13.409 42.53578
15.273819832 40.70713985
15.816928 41.158295
11.0031 44.8658
14.08057 40.810901
22.496 47.6855
15.8939 38.2603
16.5088 39.4027
18.9226 42.5465
12.98176 41.94903
14.4221 45.7381
3.111 45.763
6.61184 46.78233
6.860238 45.914306
24.0428 35.5193
3.8445 46.5581
29.289 45.4245
6.6517 47.2484
27.0261 44.197
13.572629 37.881475
12.4448 46.3116
14.3095 48.8199
3.09 43.135
12.8814 46.4569
25.4056 36.4709
14.089047 40.778154
2.932 45.435
14.163176 40.79817
3.6937 45.5004
6.12055 46.29249
15.8618 47.9282
14.155414 40.885355
23.7999 44.325
15.4569 45.826
14.2613 46.0807
12.883011 43.768478
18.2605 47.3631
14.05785 37.93745
15.8588 47.9282
14.149329 40.829447
11.6497 46.04818
15.8155 39.9938
8.012475 47.230884
9.8803 47.2867
9.87952 46.7805
7.408391 46.081053
15.4695 46.1495
25.3886 45.9675
11.275473 48.162877
11.275394 48.162975
11.275561 48.162972
11.275332 48.162769
11.27502 48.162958
11.275565 48.16308
11.276804 48.165591
21.71 37.952
11.275476 48.162941
13.8013 45.6589
14.9858 37.752
15.1223 37.6335
28.6323 44.075
17.3317 47.4162
25.8751 42.9287
15.05257 37.57919
8.84676 47.89519
8.01358 47.43757
14.945 37.498
6.7775 44.1095
7.737046 47.714035
26.153 40.7362
15.1345 37.7551
5.463089 47.505456
13.659995 37.328791
7.852 48.000917
10.7291 47.0211
11.275065 48.162904
11.273684 48.164357
11.276289 48.164883
13.11718 42.26802
8.11051 46.43521
6.2549 43.3827
21.386324 40.780935
5.810501 47.104272
19.8098 45.1573
2.563 45.385
7.13579 46.15633
11.2768 48.1639
8.6629 46.45481
25.8987 40.1908
1.5912 46.5152
14.910201 41.513145
14.4434 45.9348
14.8101 45.5311
15.6275 45.8672
13.700627 48.844303
13.700627 48.844303
13.713505 48.83471
11.2514 48.1629
14.026023 37.990126
15.8179 38.1723
6.74125 46.51109
26.9747 45.3801
8.318864 46.578146
11.2635 48.1406
5.7439 45.2413
15.5018 46.461
20.715084 43.888764
13.3352 43.0627
9.114723 48.070235
24.08738 34.83914
2.200889 46.173861
22.7767 45.3933
27.9303 44.6893
8.15108 46.75673
7.70018 47.66038
15.122 36.9596
15.0325 37.2831
2.701 46.52
15.222 37.0928
24.9804 44.5281
14.5216 36.9926
25.0709 35.3058
24.89 35.288
6.94038 46.21934
7.254296 47.683438
23.9811 35.4606
24.7995 34.9731
14.724807 36.912079
15.0688 38.6435
7.05 44.184
21.92522 37.17872
17.6707 48.8591
14.0643 45.8934
25.5154 46.7059
28.4162 43.4059
27.16106 35.5471
24.513666 40.99666
13.3447 47.0784
25.3396 41.630199
19.79623 39.7127
23.5577 35.3692
13.5782 49.1309
7.917178 47.955093
22.1504 38.0435
14.1317 48.0551
14.3807 45.5278
16.2504 46.4481
23.9992 40.8178
11.3778 46.463
18.0999 46.0883
16.3952 49.0619
20.576 39.2492
23.0621 36.2566
22.9939 36.2447
26.4941 43.8024
12.59719 48.12194
22.7075 49.6314
21.78209 40.30331
3.221365 43.969837
21.9785 38.2401
19.4678 49.1505
6.49025 46.66648
9.491773 47.294437
3.247 45.232
26.8194 44.4739
12.677 47.4243
2.55412 44.76055
0.74017 44.9395
14.928733 38.083692
14.5278 46.0438
9.00825 46.84676
11.26226 43.30644
3.8589 47.2683
23.7698 45.446
26.593 43.3701
22.9673 38.0228
21.9007 47.3849
10.9436 45.9595
28.5876 43.8168
15.80632 40.29724
13.433009 37.954428
12.5647 37.7532
17.144 40.633
16.70442 40.64907
10.858943 45.697536
12.953452 37.946147
9.158 42.3337
24.3765 46.1497
6.30842 46.346559
23.385876 37.578529
23.329567 37.612669
8.25262 47.71217
6.919558 43.967022
7.11229 45.95101
11.51006 48.0675
11.58795 48.07788
11.70738 48.07089
11.7191 47.97956
11.5171 48.0
6.033356 43.079525
28.8127 46.9186
12.6154 46.1495
25.945 45.4909
5.7675 43.988
23.7495 41.546902
7.96409 46.0507
14.2659 47.8495
17.277 48.373
17.5428 49.7766
18.6436 46.215
9.363 42.953
10.5495 46.6164
11.1037 47.3448
7.33701 47.29752
14.4433 46.2941
23.740101 43.355999
17.5348 47.1712
12.9877 46.2408
15.703 38.162
14.483952 35.901233
7.16525 47.37927
2.2175 43.3411
7.863 43.398667
9.04171 45.92184
8.63706 46.96765
7.64884 47.50647
7.153 43.896
13.6416 46.6299
26.7368 45.8165
26.2952 45.4272
23.22189 39.30567
21.0489 40.4147
27.4422 46.8375
20.2996 49.4182
27.17666 36.57441
25.61037 35.26134
14.5489 46.5092
6.220211 46.154234
5.096617 44.850189
5.549892 44.429092
5.088958 45.153892
6.712353 45.472393
5.069002 44.556977
6.2253 44.1093
4.611435 45.878365
6.709738 44.910273
6.074036 44.370302
6.68308 45.20865
5.889317 45.881011
4.7522 46.3459
5.804671 45.06079
5.801324 45.064487
5.806072 45.06951
6.400931 45.036806
6.756875 46.056477
5.697216 45.609238
6.682073 46.329823
6.11233 44.81517
19.7984 50.2195
18.14 49.8346
5.88 44.9183
11.24579 43.52358
14.386994 41.748856
12.924 46.245
27.1477 45.8723
9.111708 46.825743
14.567486 41.031206
19.2608 42.4297
21.1833 38.5986
5.90792 46.19107
15.1139 46.6365
25.4733 35.0429
8.9994 42.5483
27.5238 41.6308
7.617472 44.116444
14.17989 41.200001
10.52495 43.72193
16.8158 39.48514
3.621 45.97
21.4073 38.4124
23.44443 40.37328
23.4256 42.4762
26.6498 45.8512
26.6498 45.8512
13.1481 46.5491
24.6207 43.387
4.743185 46.956839
14.4331 50.0703
5.99295 45.23429
24.550021 41.35245
13.565 46.4428
21.0965 39.5299
14.5417 49.9883
19.89440001 47.91840001
23.8638 38.0473
13.40057 42.02193
16.06124 40.52148
12.7419 46.4258
25.173201 43.1227
21.525 38.616
21.742 36.8955
15.807 40.6458
26.5079 43.5662
3.859081 43.715286
10.7623 47.4871
5.922489 46.759014
1.51639 45.3044
12.7956 47.737338
21.46475 38.05586
22.6922 44.6627
12.70492 41.811928
13.5094 46.2445
23.7577 35.5604
9.33601 47.5643
16.2963 47.6997
6.645363 47.710204
11.4118 46.9281
14.9315 42.2364
8.670929 48.153181
7.92093 47.47612
11.0721 45.6468
6.624517 45.688207
12.445128 43.937695
12.84195 47.76834
20.7715 38.076
5.4837 43.9412
13.6336 45.9875
11.90967 42.84906
7.08645 47.30267
6.97302 46.14415
6.09704 46.06019
10.5243 45.6183
7.5532 43.986
5.1064 43.9377
5.973429 46.065923
11.709 47.0378
13.101908 37.516469
13.74926 37.94064
14.672208 36.796216
18.4675 40.0724
27.9949 45.6741
7.29938 46.36335
22.0566 38.4133
14.5668 47.1132
3.618578 45.047528
28.6057 43.5389
19.973146 43.261405
14.0143 45.5464
24.5482 38.8831
8.49236 47.7645
2.1642 44.1912
9.2847 42.0945
12.94057 43.255
23.3539 40.8217
15.0327 46.678
16.5567 47.6807
14.335709 40.58256
16.1322 38.5264
7.2366 44.0558
11.2087 47.2205
23.2038 44.6609
12.50993 42.23696
20.0005 39.880001
15.299556 49.029533
12.7104 46.2601
8.86899 47.66974
24.9609 44.8629
26.0909 35.2021
15.191556 38.791058
15.215261 38.802415
15.2149 38.809615
6.601083 43.219667
8.490392 39.122956
8.11187 47.52753
6.811695 44.480935
6.30604 45.6887
28.0498 45.5977
16.33762 39.6601
11.673889 45.361667
26.6489 46.5118
25.475263 36.366992
22.0144 39.56468
17.8878 46.9001
16.7583 39.1794
19.8631 41.3472
28.4128 44.4581
28.8151 45.1861
11.288809 48.173897
6.95874 46.77363
3.9587 44.1054
15.4871 49.2948
15.51 42.123
6.4074 43.7471
22.07272 38.36543
22.5391 48.1304
8.68161 47.6487
29.7269 45.1621
9.34732 46.47223
22.2325 39.711
10.1071 47.6799
16.3461 48.6602
21.7864 38.2836
14.3533 37.469
4.892048 44.905697
6.852113 45.839405
24.1997 35.407
27.8487 45.8996
12.1051 45.9922
14.438636 40.818549
14.422496 40.806289
14.414156 40.824231
14.433985 40.826595
9.44956 46.48318
9.16648 46.2061
2.483 45.749
16.3617 48.2483
6.27815 46.45175
14.8393 45.8033
12.770183 41.750225
10.3864 44.1594
28.0808 45.8443
20.5886 38.17683
23.7942 37.8524
9.02207 46.42309
14.7014 46.1016
25.0495 45.4371
14.383211 40.852793
16.5933 49.3084
26.7277 45.8657
14.475264 40.807581
23.234301 42.614399
9.1231 47.7528
7.27652 47.965735
11.5763 47.3357
14.5242 35.8373
8.98681 47.52976
8.92525 47.09838
8.9077 47.41483
7.62418 46.66488
16.0731 48.1074
7.3688 46.99777
11.731584 47.826206
11.6363 47.2638
14.22011 36.032335
23.19178 39.36598
15.0246 46.4342
25.3652 43.6572
26.21691 35.1147
17.1025 48.1961
8.58088 47.36921
14.1928 49.4392
16.41418 38.68397
17.0614 39.3884
15.8572 38.0032
16.12807 38.45271
16.8403 39.0216
16.0099 38.2673
