1.1953 44.3676
4.542 45.279
5.571813 46.044786
6.131509 46.43213
6.26545 46.53363
6.539745 44.78784
6.95295 46.34176
7.11106 46.25053
7.12129 47.1609
7.2191 43.64387
7.29096 46.63394
7.326 44.2455
7.3919 43.9749
7.64433 46.37454
7.8399 44.2416
8.019579 46.23962
8.25474 47.58771
8.748279 46.59512
9.378 39.496
9.38076 47.04921
9.4566 40.4444
9.51739 44.31625
9.853652 44.049818
10.02309 46.41363
10.26355 46.62033
10.5881 44.35047
11.255134 43.774366
11.707267 44.07746
12.58676 42.608486
12.65907 41.769756
13.0873 43.0365
13.572833 42.453167
13.6857 42.935
13.764 45.709
13.9999 46.317402
14.39667 40.8275
16.3222 50.3502
19.991711 44.098236
25.2002 47.644
26.7437 41.847
