4.7697400000000005 44.37408
5.653199 44.95068
5.672365 44.941426
7.1312 43.5479
10.504497 43.631413
11.43431 44.188961
11.5327 43.9545
11.67894 42.868614
12.5005 46.0266
12.7556 37.67883
12.75932 37.89337
12.92242 37.79082
13.00433 37.80162
13.1386 46.275
13.501932 45.494952
13.8167 45.2926
13.872129 40.75909
13.943825 40.746222
14.034938 40.761401
14.483006 45.325086
14.751474 44.972003
14.87105 44.56347
14.9977 46.061199
15.0246 46.4342
15.270319 44.688436
15.3177 45.9488
15.3331 40.9298
15.458 40.4861
15.467266 45.61527
15.6245 46.010799
15.769351 44.531422
15.98687 45.827084
16.0686 46.1551
16.404696 44.004883
16.784453 43.608877
16.891928 42.768552
17.019674 43.287712
17.6999 42.8716
18.14687 42.669083
18.31235 42.6007
18.836 48.4939
19.900001 42.040012
20.2339 49.1894
20.5746 38.6839
20.5841 38.114
20.656 38.621
20.696265 37.851123
21.013 37.2497
21.13842 40.19588
21.3836 40.7817
21.663 46.2653
21.7128 44.7815
21.72277 38.3959
21.7856 47.0902
21.87263 38.39341
21.89204 38.30811
21.945772 38.415536
22.1246 45.754
22.184363 38.321825
22.2731 48.9333
22.416 44.881
22.6513 42.8345
22.659 38.7664
22.6634 38.0357
22.8692 37.8902
22.898 45.887
22.9494 47.1499
22.9628 40.6319
22.9743 37.9879
22.99886 38.64956
23.1189 37.6144
23.1189 46.676
23.2793 42.857
23.3122 38.1642
23.4662 38.0606
23.4969 47.6728
23.5981 46.7133
23.93306 38.07794
24.0318 49.8186
24.1734 42.5137
24.273 45.652
24.4853 37.1609
24.5222 46.5284
24.7388 41.6942
24.7475 42.1469
25.1805 47.633
25.2167 47.6147
25.2175 47.6326
25.2919 46.2969
25.4282 36.4159
25.429562 36.385841
26.2276 47.3616
26.4742 40.398
26.5009 46.9551
26.583 42.467
26.609 48.2073
26.6498 45.8512
26.7099 45.5481
26.9768 44.9199
27.1309 36.6106
27.1777 40.6875
27.327514 40.747895
27.3351 44.6102
27.408 46.0605
27.4099 43.1602
27.5238 41.6308
27.6687 45.5939
27.736 41.129
27.7911 46.6415
27.8009 44.1168
27.8302 45.5007
28.0419 44.5858
28.0467 44.5445
28.0624 44.3207
28.2467 46.4733
28.3513 48.135
28.4224 44.1779
28.8175 46.9975
29.8723 46.5293
