16.0863 50.63	1.5	0	0	TC	ACDC
15.1698 50.7893	1.5	0	0	TC	BEDC
14.0978 50.5439	1.5	0	0	TC	RICC
14.1357 50.5678	1.5	0	0	TC	SKAC
16.0152 50.5765	1.5	0	0	TC	SPLC
33.0707 39.4468	1.5	0	0	TC	AFSR
29.30178 37.47178	1.5	0	0	TC	APMY
27.8908 37.9467	1.5	0	0	TC	AYDB
31.095 38.7946	1.5	0	0	TC	BLVD
31.5148 40.7175	1.5	0	0	TC	BOLI
32.8902 38.5823	1.5	0	0	TC	CHBY
28.5072 41.2373	1.5	0	0	TC	CTKS
29.4105 39.0445	1.5	0	0	TC	GEDZ
30.5156 40.432	1.5	0	0	TC	GULT
29.673 40.801	1.5	0	0	TC	HRTX
33.0974 35.2916	1.5	0	0	TC	HSY
28.3353 40.2627	1.5	0	0	TC	KCTX
27.2977 40.3932	1.5	0	0	TC	KRBG
33.0023 39.0343	1.5	0	0	TC	KULU
26.7593 40.3703	1.5	0	0	TC	LAP
32.6962 36.6021	1.5	0	0	TC	LMOS
33.8714 35.1696	1.5	0	0	TC	MAGT
28.8847 40.371	1.5	0	0	TC	MDNY
27.7767 37.2953	1.5	0	0	TC	MLSB
32.1677 39.7005	1.5	0	0	TC	POLA
31.793603 40.724281	1.5	0	0	TC	RUZG
30.3272 40.7402	1.5	0	0	TC	SAUV
30.9175 38.4396	1.5	0	0	TC	SDAG
33.564 38.9463	1.5	0	0	TC	SERE
29.643 41.153	1.5	0	0	TC	SILT
28.9825 39.0833	1.5	0	0	TC	SIMA
28.21 41.23	1.5	0	0	TC	SLVT
30.903237 40.904077	1.5	0	0	TC	UVEZ
32.982256 40.767664	1.5	0	0	TC	YALI
27.0726 39.6113	1.5	0	0	TC	YAYO
33.8115 38.9387	1.5	0	0	TC	YAYX
33.7432 37.7825	1.5	0	0	TC	YESY
11.71074 50.98161	1.5	0	0	TC	TAUT
10.09165 50.8876	1.5	0	0	TC	VITZ
12.5304 50.3316	1.5	0	0	TC	KRC
12.5152 50.2059	1.5	0	0	TC	KVC
12.5197 50.2591	1.5	0	0	TC	STC
12.3772 50.2354	1.5	0	0	TC	VAC
4.52229 50.604626	1.5	0	0	TC	TGA
2.048795 41.972401	1.5	0	0	TC	CORI
12.163 51.526	1.5	0	0	TC	LANDS
12.881179 50.732472	1.5	0	0	TC	MEINS
12.3423 51.658	1.5	0	0	TC	MUHB
