10.09165 50.8876
11.71074 50.98161
12.3772 50.2354
12.5152 50.2059
12.5197 50.2591
12.5304 50.3316
14.0978 50.5439
14.1357 50.5678
15.1698 50.7893
16.0863 50.63
26.7593 40.3703
27.0726 39.6113
27.2977 40.3932
27.5348 40.6121
27.6633 40.6533
27.702003 40.6196
27.7767 37.2953
27.8908 37.9467
28.21 41.23
28.3353 40.2627
28.5072 41.2373
28.8534 37.802
28.8847 40.371
28.9825 39.0833
29.2588 37.582
29.30178 37.47178
29.4105 39.0445
29.6135 37.9793
29.643 41.153
30.3272 40.7402
30.5156 40.432
30.903237 40.904077
30.9175 38.4396
31.095 38.7946
31.793603 40.724281
32.1677 39.7005
32.8902 38.582300000000004
32.982256 40.767664
33.0023 39.0343
33.0707 39.4468
33.564 38.9463
33.7432 37.7825
33.8115 38.9387
