4.7697400000000005 44.37408	1.5	0	0	TC	ADHE
5.653199 44.95068	1.5	0	0	TC	AVR
5.672365 44.941426	1.5	0	0	TC	AVP
7.1312 43.5479	1.5	0	0	TC	EILF
10.504497 43.631413	1.5	0	0	TC	VRG01
11.43431 44.188961	1.5	0	0	TC	VISG
11.5327 43.9545	1.5	0	0	TC	VMGN
11.67894 42.868614	1.5	0	0	TC	SF11
12.5005 46.0266	1.5	0	0	TC	POLC
12.7556 37.67883	1.5	0	0	TC	CAVT
12.75932 37.89337	1.5	0	0	TC	MTGR
12.92242 37.79082	1.5	0	0	TC	MFNL
13.00433 37.80162	1.5	0	0	TC	CRJA
13.1386 46.275	1.5	0	0	TC	GEPF
13.501932 45.494952	1.5	0	0	TC	SAVD
13.8167 45.2926	1.5	0	0	TC	A253A
13.872129 40.75909	1.5	0	0	TC	IVLC
13.943825 40.746222	1.5	0	0	TC	IPSM
14.034938 40.761401	1.5	0	0	TC	PTMR
14.483006 45.325086	1.5	0	0	TC	RIY
14.751474 44.972003	1.5	0	0	TC	BSKA
14.87105 44.56347	1.5	0	0	TC	NVLJ
14.9977 46.061199	1.5	0	0	TC	PDKS
15.0246 46.4342	1.5	0	0	TC	ZALS
15.270319 44.688436	1.5	0	0	TC	KSY
15.3177 45.9488	1.5	0	0	TC	LEGS
15.3331 40.9298	1.5	0	0	TC	AND3
15.458 40.4861	1.5	0	0	TC	SRN3
15.467266 45.61527	1.5	0	0	TC	OZLJ
15.6245 46.010799	1.5	0	0	TC	GOLS
15.769351 44.531422	1.5	0	0	TC	UDBI
15.98687 45.827084	1.5	0	0	TC	ZAG
16.0686 46.1551	1.5	0	0	TC	LOBO
16.404696 44.004883	1.5	0	0	TC	KIJV
16.784453 43.608877	1.5	0	0	TC	CACV
16.891928 42.768552	1.5	0	0	TC	LSTV
17.019674 43.287712	1.5	0	0	TC	MAKA
17.6999 42.8716	1.5	0	0	TC	STON
18.14687 42.669083	1.5	0	0	TC	DBRK
18.31235 42.6007	1.5	0	0	TC	STA
18.836 48.4939	1.5	0	0	TC	VYHS
19.900001 42.040012	1.5	0	0	TC	PUK
20.2339 49.1894	1.5	0	0	TC	SPC/SK10A
20.5746 38.6839	1.5	0	0	TC	DRAG
20.5841 38.114	1.5	0	0	TC	PSDA
20.656 38.621	1.5	0	0	TC	EVGI
20.696265 37.851123	1.5	0	0	TC	ORTH
21.013 37.2497	1.5	0	0	TC	STRF
21.13842 40.19588	1.5	0	0	TC	PENT
21.3836 40.7817	1.5	0	0	TC	FNA
21.663 46.2653	1.5	0	0	TC	SIRR
21.7128 44.7815	1.5	0	0	TC	MDVR
21.72277 38.3959	1.5	0	0	TC	AGRP
21.7856 47.0902	1.5	0	0	TC	BORR
21.87263 38.39341	1.5	0	0	TC	MALA
21.89204 38.30811	1.5	0	0	TC	ROD3
21.945772 38.415536	1.5	0	0	TC	MG05
22.1246 45.754	1.5	0	0	TC	SURR
22.184363 38.321825	1.5	0	0	TC	PSAM
22.2731 48.9333	1.5	0	0	TC	KOLS
22.416 44.881	1.5	0	0	TC	HERR
22.6513 42.8345	1.5	0	0	TC	TRAN
22.659 38.7664	1.5	0	0	TC	AXAR
22.6634 38.0357	1.5	0	0	TC	THAL
22.8692 37.8902	1.5	0	0	TC	ACOR
22.898 45.887	1.5	0	0	TC	DEV
22.9494 47.1499	1.5	0	0	TC	MESR
22.9628 40.6319	1.5	0	0	TC	THE
22.9743 37.9879	1.5	0	0	TC	LOUT
22.99886 38.64956	1.5	0	0	TC	LKR
23.1189 37.6144	1.5	0	0	TC	EPID
23.1189 46.676	1.5	0	0	TC	MARR
23.2793 42.857	1.5	0	0	TC	BLSH
23.3122 38.1642	1.5	0	0	TC	VILL
23.4662 38.0606	1.5	0	0	TC	MDRA
23.4969 47.6728	1.5	0	0	TC	BMR
23.5981 46.7133	1.5	0	0	TC	CJR
23.93306 38.07794	1.5	0	0	TC	DION
24.0318 49.8186	1.5	0	0	TC	LVV
24.1734 42.5137	1.5	0	0	TC	PGB
24.273 45.652	1.5	0	0	TC	TNR
24.4853 37.1609	1.5	0	0	TC	SERI
24.5222 46.5284	1.5	0	0	TC	TGMR
24.7388 41.6942	1.5	0	0	TC	RZN
24.7475 42.1469	1.5	0	0	TC	PLD
25.1805 47.633	1.5	0	0	TC	BUR32
25.2167 47.6147	1.5	0	0	TC	BUR01
25.2175 47.6326	1.5	0	0	TC	BUR05
25.2919 46.2969	1.5	0	0	TC	ODSR
25.4282 36.4159	1.5	0	0	TC	SNT1
25.429562 36.385841	1.5	0	0	TC	THT1
26.2276 47.3616	1.5	0	0	TC	PRAR
26.4742 40.398	1.5	0	0	TC	GELI
26.5009 46.9551	1.5	0	0	TC	GIRR
26.583 42.467	1.5	0	0	TC	JMB
26.609 48.2073	1.5	0	0	TC	DRBR
26.6498 45.8512	1.5	0	0	TC	PLOR
26.7099 45.5481	1.5	0	0	TC	BISRR
26.9768 44.9199	1.5	0	0	TC	PGOR
27.1309 36.6106	1.5	0	0	TC	NISR
27.1777 40.6875	1.5	0	0	TC	RKY
27.327514 40.747895	1.5	0	0	TC	GAZK
27.3351 44.6102	1.5	0	0	TC	AMRR
27.408 46.0605	1.5	0	0	TC	GHRR
27.4099 43.1602	1.5	0	0	TC	PRD
27.5238 41.6308	1.5	0	0	TC	PHSR
27.6687 45.5939	1.5	0	0	TC	TUDR
27.736 41.129	1.5	0	0	TC	CRLT
27.7911 46.6415	1.5	0	0	TC	VASR
27.8009 44.1168	1.5	0	0	TC	ICOR
27.8302 45.5007	1.5	0	0	TC	SCHL
28.0419 44.5858	1.5	0	0	TC	TLB
28.0467 44.5445	1.5	0	0	TC	TLBR
28.0624 44.3207	1.5	0	0	TC	CVD1
28.2467 46.4733	1.5	0	0	TC	LEOM
28.3513 48.135	1.5	0	0	TC	SORM
28.4224 44.1779	1.5	0	0	TC	MFTR
28.8175 46.9975	1.5	0	0	TC	KIS
29.8723 46.5293	1.5	0	0	TC	PURM
