12.6302 35.518299999999996
12.86432 35.8613
12.0405 36.7714
11.9788 36.794200000000004
11.9729 36.8121
14.7831 36.959
15.0737 37.1577
13.962 37.158
14.7155 37.1783
14.3624 37.2225
15.155 37.285
14.872 37.3485
22.3793 37.3703
14.1625 37.4075
13.8229 37.4639
14.8794 37.6181
15.0216 37.6314
14.0568 37.6468
15.1885 37.6719
14.9703 37.679
14.9129 37.6863
15.0274 37.6925
14.9744 37.6934
20.8367 37.7095
14.5665 37.7107
14.9979 37.7196
14.9041 37.7313
15.0902 37.7357
14.9865 37.7437
14.8152 37.747
13.753730000000001 37.74897
15.0018 37.7653
15.0168 37.7659
14.9469 37.7731
15.0865 37.7802
15.2103 37.7896
15.0336 37.7912
15.0567 37.8113
15.026 37.8168
15.1773 37.8204
14.9498 37.8208
14.857 37.824
14.1148 37.8335
15.121 37.882
13.3038 37.8943
22.3423 37.9363
16.0067 37.9531
15.233 37.9712
15.69992 38.0031
15.1356 38.0286
14.5916 38.0339
14.8739 38.043
13.53261 38.09193
14.731 38.1199
15.3528 38.1465
21.3763 38.1962
15.5083 38.2639
15.2313 38.2713
14.9801 38.3763
22.1398 38.3911
14.986 38.396
14.9482 38.3961
14.9608 38.3968
22.5271 38.4112
21.946234 38.412867
21.946015 38.414084
21.948053 38.414174
21.947007 38.414981
21.948785 38.415496
21.8116 38.4222
21.9058 38.4269
14.9483 38.4457
16.4383 38.4494
20.5623 38.4593
14.355 38.533
14.5753 38.5642
15.8856 38.6068
13.17913 38.70787
15.1918 38.7866
15.2304 38.7992
16.20777 38.97983
16.6886 39.0359
16.2114 39.2534
15.954618 39.528756
16.3459 39.8772
15.990414 39.890961
16.450405 40.05096
15.3776 40.0783
15.55352 40.1376
15.8675 40.1821
15.7515 40.2663
9.60668 40.31802
15.303 40.3181
15.8019 40.3249
15.63277 40.39
19.495075 40.470026
15.3046 40.4896
17.2846 40.5259
15.30738 40.56045
15.7967 40.5722
17.850423 40.589408
16.441 40.6044
20.785909 40.623068
17.517326 40.648402
15.330400000000001 40.6871
15.48892 40.7564
15.1684 40.7826
15.9427 40.7867
17.0644 40.7888
15.5361 40.8755
15.1804 40.8969
16.6041 40.9071
15.20908 40.92542
15.9602 40.9441
15.6163 40.9549
15.176 40.9643
15.2366 41.028
16.1958 41.0609
15.2292 41.0785
14.96815 41.1227
9.1733 41.1269
15.365 41.135
13.8779 41.1459
14.630154 41.18326
14.81078 41.22345
14.529 41.3641
15.158 41.37
14.37917 41.38667
14.7057 41.3974
14.2342 41.4154
14.5938 41.5461
13.25458 41.55827
14.0183 41.5978
14.25402 41.64188
14.90502 41.65418
12.69888 41.67778
20.44 41.6847
14.1524 41.70328
15.127 41.7059
15.9096 41.712
13.71202 41.71743
15.7437 41.7546
12.7103 41.76039
14.5502 41.7666
13.31229 41.7945
13.62324 41.86965
13.9046 42.01154
12.74222 42.0228
14.1832 42.0468
12.00017 42.06406
13.58379 42.26573
20.0723 42.3637
13.04032 42.60286
11.804 42.6137
13.60393 42.62279
10.210652 42.746577
11.6765 42.77861
10.8652 42.7908
12.570071 42.80387
13.9138 42.8081
13.11427 42.83355
11.4754 42.8519
12.11214 42.91263
12.9046 43.0049
12.6587 43.0426
10.90265 43.11478
11.15622 43.20972
12.5246 43.263
10.657926 43.273245
11.9663 43.3292
12.26801 43.33419
12.5715 43.3666
13.1954 43.37557
12.40663 43.38211
12.78225 43.436280000000004
11.29017 43.47311
12.457 43.4807
12.94153 43.49807
12.535 43.53567
13.602 43.55017
12.41991 43.55846
12.580583 43.610823
11.95167 43.61888
12.2386 43.6486
7.5569 43.7825
10.979506 43.795597
6.6888000000000005 43.881
7.89317 43.9105
10.4915 43.91417
12.84018 43.94105
24.4038 43.9986
10.4821 44.026
7.8082 44.0426
11.35855 44.05428
10.59698 44.06238
25.2172 44.1343
11.1229 44.16782
8.2372 44.2075
27.1493 44.2144
11.76657 44.22454
7.42033 44.22666
22.9325 44.2782
11.4248 44.3128
8.34592 44.32425
10.9765 44.35085
7.116 44.5068
8.54517 44.54133
9.2926 44.6071
26.2526 44.6777
9.44782 44.76792
7.26333 44.83517
8.3527 44.8493
8.913604 44.867306
10.8987 44.8873
6.79083 44.92083
7.9271 45.0739
7.26533 45.14817
11.1724 45.3082
10.6628 45.3135
9.9307 45.4056
7.13433 45.4595
9.2321 45.4803
7.747 45.51267
7.5682 45.6019
11.2099 45.6378
10.8187 45.683
9.716 45.76972
7.06101 45.76975
10.6286 45.7753
7.1565 45.8378
6.934 45.8444
8.77 45.867695
7.8685 45.8753
11.1884 45.8808
10.514 46.05492
10.9587 46.0835
13.645 46.1733
7.596779 46.21005
7.83223 46.21652
13.354 46.4075
13.0011 46.4142
7.771659 46.41554
10.37218 46.47616
13.5137 46.548
12.7804 46.59658
22.7111 46.7917
27.5748 47.1777
