20.067499 42.3666	1.5	0	0	TC	BCI
20.7874 40.6236	1.5	0	0	TC	KBN
20.4408 41.6847	1.5	0	0	TC	PHP
19.495501 40.468601	1.5	0	0	TC	VLO
7.83223 46.21652	1.5	0	0	TC	EMBD
7.77166 46.41554	1.5	0	0	TC	LAUCH
7.59678 46.21006	1.5	0	0	TC	VANNI
22.11135 38.26051	1.5	0	0	TC	ALIK
21.948052827 38.414173955	1.5	0	0	TC	MG04
21.946234287 38.412867442	1.5	0	0	TC	MG06
6.6888 43.881	1.5	0	0	TC	SALSA
7.263 44.8355	1.5	0	0	TC	BHB
6.934 45.8444	1.5	0	0	TC	BLANC
7.557 43.7825	1.5	0	0	TC	BURY
8.2372 44.2075	1.5	0	0	TC	CANO
10.4821 44.0261	1.5	0	0	TC	CARD
7.5681 45.6019	1.5	0	0	TC	CIRO
7.4182 44.2294	1.5	0	0	TC	ENR
9.2926 44.6071	1.5	0	0	TC	GORR
7.89317 43.9105	1.5	0	0	TC	IMI
7.1339 45.4596	1.5	0	0	TC	LSD
10.4916 43.9131	1.5	0	0	TC	MAIM
7.8082 44.0426	1.5	0	0	TC	MGRO
8.5455 44.5413	1.5	0	0	TC	PCP
7.1157 44.5065	1.5	0	0	TC	PZZ
7.1565 45.8378	1.5	0	0	TC	REMY
8.3523 44.8493	1.5	0	0	TC	ROTM
6.79 44.921	1.5	0	0	TC	RRL
7.2649 45.1482	1.5	0	0	TC	RSP
7.8685 45.8754	1.5	0	0	TC	SATI
7.7461 45.5122	1.5	0	0	TC	TRAV
22.1398 38.3911	1.5	0	0	TC	KALE
21.3763 38.1962	1.5	0	0	TC	AXS
22.5271 38.4112	1.5	0	0	TC	DSF
21.9058 38.4269	1.5	0	0	TC	EFP
20.5623 38.4593	1.5	0	0	TC	FSK
22.3423 37.9363	1.5	0	0	TC	GUR
20.8367 37.7095	1.5	0	0	TC	LTHK
22.3793 37.3703	1.5	0	0	TC	VLX
21.8116 38.4222	1.5	0	0	TC	VVK
15.9427 40.7867	1.5	0	0	TC	ACER
9.1733 41.1269	1.5	0	0	TC	AGLI
15.233 37.9712	1.5	0	0	TC	AIO
13.75373 37.74897	1.5	0	0	TC	ALJA
16.6041 40.9071	1.5	0	0	TC	AMUR
13.602 43.55017	1.5	0	0	TC	AOI
12.41991 43.55846	1.5	0	0	TC	APEC
11.4754 42.8519	1.5	0	0	TC	ARCI
12.94153 43.49807	1.5	0	0	TC	ARVD
12.6587 43.0426	1.5	0	0	TC	ASSB
12.5715 43.3666	1.5	0	0	TC	ATFO
12.26801 43.33419	1.5	0	0	TC	ATMI
12.457 43.4807	1.5	0	0	TC	ATPC
12.40663 43.38211	1.5	0	0	TC	ATVO
10.5956 44.0628	1.5	0	0	TC	BDI
9.44782 44.76792	1.5	0	0	TC	BOB
11.76657 44.22454	1.5	0	0	TC	BRIS
10.37218 46.47616	1.5	0	0	TC	BRMO
14.5938 41.5461	1.5	0	0	TC	BSSO
15.3776 40.0783	1.5	0	0	TC	BULG
15.2366 41.028	1.5	0	0	TC	CAFE
11.9663 43.3292	1.5	0	0	TC	CAFI
16.2114 39.2534	1.5	0	0	TC	CAR1
10.8652 42.7908	1.5	0	0	TC	CASP
15.3046 40.4896	1.5	0	0	TC	CDRU
10.210652 42.746577	1.5	0	0	TC	CELB
14.0183 41.5978	1.5	0	0	TC	CERA
12.9046 43.0049	1.5	0	0	TC	CESI
15.954618 39.528756	1.5	0	0	TC	CET2
14.90502 41.65418	1.5	0	0	TC	CIGN
13.1954 43.37557	1.5	0	0	TC	CING
13.962 37.158	1.5	0	0	TC	CLTA
13.8229 37.4639	1.5	0	0	TC	CMDO
15.303 40.3181	1.5	0	0	TC	CMPR
13.3038 37.8943	1.5	0	0	TC	CORL
14.1625 37.4075	1.5	0	0	TC	CPTP
11.95167 43.61888	1.5	0	0	TC	CRE
10.979505555556 43.795597222222	1.5	0	0	TC	CRMI
11.29017 43.47311	1.5	0	0	TC	CSNT
9.60668 40.31802	1.5	0	0	TC	DGI
15.0865 37.7802	1.5	0	0	TC	ECBD
14.9129 37.6863	1.5	0	0	TC	ECHR
15.0018 37.7653	1.5	0	0	TC	ECNE
14.9865 37.7437	1.5	0	0	TC	ECPN
15.121 37.882	1.5	0	0	TC	ECTS
14.9041 37.7313	1.5	0	0	TC	ECZM
15.2103 37.7896	1.5	0	0	TC	EFIU
15.0336 37.7912	1.5	0	0	TC	EMCN
15.0902 37.7357	1.5	0	0	TC	EMFO
14.9979 37.7196	1.5	0	0	TC	EMFS
15.026 37.8168	1.5	0	0	TC	EMNR
14.9703 37.679	1.5	0	0	TC	EMPL
14.9498 37.8208	1.5	0	0	TC	EMSG
15.0216 37.6314	1.5	0	0	TC	ENIC
15.0168 37.7659	1.5	0	0	TC	EPDN
15.0567 37.8113	1.5	0	0	TC	EPIT
14.9857 37.7651	1.5	0	0	TC	EPLC
15.1773 37.8204	1.5	0	0	TC	EPMN
15.1885 37.6719	1.5	0	0	TC	EPOZ
14.857 37.824	1.5	0	0	TC	EPZF
14.8152 37.747	1.5	0	0	TC	ESCV
14.9744 37.6934	1.5	0	0	TC	ESLN
14.8794 37.6181	1.5	0	0	TC	ESML
15.0274 37.6925	1.5	0	0	TC	ESPC
14.9469 37.7731	1.5	0	0	TC	ESVO
13.58379 42.26573	1.5	0	0	TC	FAGN
11.1229 44.16782	1.5	0	0	TC	FNVD
11.15622 43.20972	1.5	0	0	TC	FROS
12.7804 46.59658	1.5	0	0	TC	FVI
14.5665 37.7107	1.5	0	0	TC	GALF
13.25458 41.55827	1.5	0	0	TC	GIUL
16.20777 38.97983	1.5	0	0	TC	GIZZ
13.31229 41.7945	1.5	0	0	TC	GUAR
15.155 37.285	1.5	0	0	TC	HAGA
14.872 37.3485	1.5	0	0	TC	HLNI
14.7831 36.959	1.5	0	0	TC	HMDC
15.0372 36.7085	1.5	0	0	TC	HPAC
14.7155 37.1783	1.5	0	0	TC	HVZN
14.355 38.533	1.5	0	0	TC	IACL
14.5753 38.5642	1.5	0	0	TC	IFIL
14.9483 38.4457	1.5	0	0	TC	ILOS
13.9046 42.01154	1.5	0	0	TC	INTR
14.8496 38.5546	1.5	0	0	TC	ISNA
15.2304 38.7992	1.5	0	0	TC	IST3
15.1918 38.7866	1.5	0	0	TC	ISTR
14.961 38.4096	1.5	0	0	TC	IVCR
14.9608 38.3968	1.5	0	0	TC	IVGP
14.9482 38.3961	1.5	0	0	TC	IVLT
14.9801 38.3763	1.5	0	0	TC	IVPL
14.986 38.396	1.5	0	0	TC	IVUG
15.8856 38.6068	1.5	0	0	TC	JOPP
11.804 42.6137	1.5	0	0	TC	LATE
12.69888 41.67778	1.5	0	0	TC	LAV9
12.863385 35.871622	1.5	0	0	TC	LINA
13.04032 42.60286	1.5	0	0	TC	LNSS
12.6302 35.5183	1.5	0	0	TC	LPDG
14.1832 42.0468	1.5	0	0	TC	LPEL
10.514 46.05492	1.5	0	0	TC	MABI
10.6286 45.7753	1.5	0	0	TC	MAGA
10.657926 43.273245	1.5	0	0	TC	MAGO
15.8019 40.3249	1.5	0	0	TC	MCEL
11.6765 42.77861	1.5	0	0	TC	MCIV
14.731 38.1199	1.5	0	0	TC	MCPD
15.1684 40.7826	1.5	0	0	TC	MCRV
9.716 45.76972	1.5	0	0	TC	MDI
15.127 41.7059	1.5	0	0	TC	MELA
17.850423 40.589408	1.5	0	0	TC	MESG
12.11214 42.91263	1.5	0	0	TC	MGAB
15.55352 40.1376	1.5	0	0	TC	MGR
14.25402 41.64188	1.5	0	0	TC	MIDA
16.441 40.6044	1.5	0	0	TC	MIGL
9.2321 45.4803	1.5	0	0	TC	MILN
15.2313 38.2713	1.5	0	0	TC	MILZ
15.990414 39.890961	1.5	0	0	TC	MMN
15.158 41.37	1.5	0	0	TC	MOCO
13.8779 41.1459	1.5	0	0	TC	MODR
12.570071 42.80387	1.5	0	0	TC	MOMA
7.9271 45.0739	1.5	0	0	TC	MONC
16.0067 37.9531	1.5	0	0	TC	MPAZ
15.3528 38.1465	1.5	0	0	TC	MPNC
14.96815 41.1227	1.5	0	0	TC	MRB1
7.06101 45.76975	1.5	0	0	TC	MRGE
15.48892 40.7564	1.5	0	0	TC	MRLC
16.1958 41.0609	1.5	0	0	TC	MRVN
15.9096 41.712	1.5	0	0	TC	MSAG
14.5916 38.0339	1.5	0	0	TC	MSFR
15.5083 38.2639	1.5	0	0	TC	MSRU
12.74222 42.0228	1.5	0	0	TC	MTCE
11.4248 44.3128	1.5	0	0	TC	MTRZ
15.7515 40.2663	1.5	0	0	TC	MTSN
15.69992 38.0031	1.5	0	0	TC	MTTG
14.8739 38.043	1.5	0	0	TC	MUCR
12.5246 43.263	1.5	0	0	TC	MURB
12.580583 43.610823	1.5	0	0	TC	NARO
10.8987 44.8873	1.5	0	0	TC	NDIM
17.0644 40.7888	1.5	0	0	TC	NOCI
15.1367 38.0278	1.5	0	0	TC	NOV
13.11427 42.83355	1.5	0	0	TC	NRCA
11.1724 45.3082	1.5	0	0	TC	OPPE
16.450405 40.05096	1.5	0	0	TC	ORI
9.9307 45.4056	1.5	0	0	TC	ORZI
15.9602 40.9441	1.5	0	0	TC	PALZ
12.2386 43.6486	1.5	0	0	TC	PARC
12.84018 43.94105	1.5	0	0	TC	PESA
14.1148 37.8335	1.5	0	0	TC	PETRA
11.9788 36.7942	1.5	0	0	TC	PGEL
12.0405 36.7714	1.5	0	0	TC	PGHD
12.535 43.53567	1.5	0	0	TC	PIEI
16.4383 38.4494	1.5	0	0	TC	PLAC
13.71202 41.71743	1.5	0	0	TC	POFI
10.31311 44.76374	1.5	0	0	TC	PRMA
14.81078 41.22345	1.5	0	0	TC	PSB1
13.354 46.4075	1.5	0	0	TC	PTCC
14.529 41.3641	1.5	0	0	TC	PTRJ
11.9729 36.8121	1.5	0	0	TC	PZIN
8.34592 44.32425	1.5	0	0	TC	QLNO
14.3624 37.2225	1.5	0	0	TC	RAFF
12.7103 41.76039	1.5	0	0	TC	RDP
14.0568 37.6468	1.5	0	0	TC	RESU
14.1524 41.70328	1.5	0	0	TC	RNI2
14.7057 41.3974	1.5	0	0	TC	SACR
16.3459 39.8772	1.5	0	0	TC	SALB
8.913604 44.867306	1.5	0	0	TC	SARZ
11.35855 44.05428	1.5	0	0	TC	SEI
16.6886 39.0359	1.5	0	0	TC	SERS
14.37917 41.38667	1.5	0	0	TC	SGG
15.30738 40.56045	1.5	0	0	TC	SGO
15.7437 41.7546	1.5	0	0	TC	SGRT
15.365 41.135	1.5	0	0	TC	SGTA
15.8675 40.1821	1.5	0	0	TC	SIRI
15.63277 40.39	1.5	0	0	TC	SLCN
15.20908 40.92542	1.5	0	0	TC	SNAL
13.53261 38.09193	1.5	0	0	TC	SOLUN
12.78225 43.43628	1.5	0	0	TC	SSFR
15.0737 37.1577	1.5	0	0	TC	SSY
13.60393 42.62279	1.5	0	0	TC	TERO
12.00017 42.06406	1.5	0	0	TC	TOLF
10.90265 43.11478	1.5	0	0	TC	TRIF
14.5502 41.7666	1.5	0	0	TC	TRIV
13.9138 42.8081	1.5	0	0	TC	TRTR
13.17913 38.70787	1.5	0	0	TC	USI
14.2342 41.4154	1.5	0	0	TC	VAGA
8.77 45.867695	1.5	0	0	TC	VARE
14.630154 41.18326	1.5	0	0	TC	VITU
10.6628 45.3135	1.5	0	0	TC	VMAN/A313A
15.6163 40.9549	1.5	0	0	TC	VULT
13.62324 41.86965	1.5	0	0	TC	VVLD
10.9765 44.35085	1.5	0	0	TC	ZCCA
15.3304 40.6871	1.5	0	0	TC	COL3
15.1804 40.8969	1.5	0	0	TC	LIO3
15.7967 40.5722	1.5	0	0	TC	PGN3
15.5361 40.8755	1.5	0	0	TC	RDM3
15.176 40.9643	1.5	0	0	TC	RSF3
15.2292 41.0785	1.5	0	0	TC	SSB3
17.517326 40.648402	1.5	0	0	TC	CGL1
17.2846 40.5259	1.5	0	0	TC	TAR1
13.5137 46.548	1.5	0	0	TC	ACOM
10.8187 45.683	1.5	0	0	TC	BALD
13.645 46.1733	1.5	0	0	TC	DRE
13.0011 46.4142	1.5	0	0	TC	FUSE
11.2099 45.6378	1.5	0	0	TC	MARN
25.2172 44.1343	1.5	0	0	TC	COPA
22.7111 46.7917	1.5	0	0	TC	DRGR
27.5748 47.1777	1.5	0	0	TC	IASR
22.9325 44.2782	1.5	0	0	TC	PUNG
26.2526 44.6777	1.5	0	0	TC	SULR
24.4038 43.9986	1.5	0	0	TC	VLAD
11.1884 45.8808	1.5	0	0	TC	DOSS
10.9587 46.0835	1.5	0	0	TC	GAGG
