5.86908 51.03544
5.9268 50.9708
5.9727 50.8
6.08469 50.86939
12.57625 50.96757
29.7383 40.4332
7.076 50.541
33.4662 35.0117
27.8129 38.8785
32.0327 36.557
12.64499 50.88902
30.6538 36.8998
1.533754 42.434492
28.866 40.5683
-0.7007 43.0858
27.879999 39.639999
3.312 49.566
10.50421 50.73536
30.5877 37.461
-2.261926 47.614444
20.7888 51.8355
-1.614326 49.374499
5.227764 49.241717
7.92429 48.89357
28.773 41.181
-3.201572 47.326646
5.9268 50.9708
27.042 38.3853
27.3103 37.0622
11.00242 51.30677
-1.6380810000000001 47.160519
32.9763 36.1069
-0.26517 51.188
13.9436 50.8733
0.982288 46.804442
7.2707 51.4412
-4.6147 48.2691
-0.5174949999999999 42.763652
33.6197 40.6062
0.818132 42.707643
2.1046 42.7149
-1.0012 37.5868
29.8377 40.2018
0.750608 41.881578
2.675797 42.255629
2.1803 42.2855
0.8263 40.7044
2.904141 41.882875
26.2997 38.3306
1.254049 42.598651
0.6614 40.5604
2.434581 41.761185
1.913703 41.293309
-0.40767000000000003 46.13346
10.81861 51.60994
16.0547 50.5881
7.363752 48.832627
1.389217 48.549
2.26 48.0258
13.00238 51.30803
1.972973 42.478105
-0.195658 45.522645
10.3741 51.8429
0.313875 40.72568
1.3573 40.7141
1.316531 42.229088
3.16244 42.310533
0.7292000000000001 43.721
-0.649783 47.134922
10.79214 50.60195
1.614804 47.643773
1.1339000000000001 42.375599
0.7736000000000001 42.3242
28.2897 41.476
2.3558 48.8445
28.6532 36.8162
27.5767 36.7308
27.6602 36.7584
-0.352634 47.66027
29.9056 36.2365
27.2398 37.3767
26.9053 39.071301
4.595 50.0958
28.6267 39.6041
1.8090000000000002 43.025
0.49394000000000005 40.820167
7.158961 48.216313
-0.97 39.59
0.2 42.66
27.8618 40.3465
1.34 39.03
29.908501 36.748299
1.13483 51.14817
1.53 41.91
-0.47 40.36
0.34 43.0308
1.08 41.35
0.33 40.96
-0.47 41.72
30.8492 39.5212
6.0382 48.2622
2.81 39.77
-0.5591700000000001 42.89861
26.3247 39.8255
11.2655 51.6819
2.125 41.4164
29.0968 36.6903
29.0835 36.6353
2.4171 42.5602
2.1064 42.9031
26.7309 38.7131
12.31685 50.69544
12.98856 50.59483
-0.22433000000000003 51.14517
-0.22 51.144
12.1999 50.7353
29.2116 40.4646
1.5723 42.8233
0.19775099999999998 47.407581
26.8747 38.0764
0.328908 46.104732
27.9175 38.7077
27.686 40.0466
0.7386039999999999 49.01702
30.3167 40.285
26.1329 39.4552
11.22172 49.691888
11.359444 49.655208
11.318695 49.762204
11.435871 49.565403
11.651953 49.391348
11.669966 49.270925
11.805983 49.343542
11.560846 49.468937
11.676733 49.112131
11.52135 48.996168
11.375543 48.867567
11.585822 48.890174
11.526272 49.086746
11.2203 49.690899
12.21964 50.6908
9.96417 51.54639
-2.6340310000000002 47.8874
1.9439449999999998 49.304748
32.486 36.964
2.24139 50.70492
5.9317 50.764
12.26811 50.8297
0.33632999999999996 50.86733
7.484304 48.658742
-0.20917000000000002 51.17583
13.4317 50.6072
11.47223 50.59227
2.1189 41.3844
33.6845 36.2367
7.716819 48.515992
-1.037053 43.033533
29.0592 41.0657
30.5093 37.8433
29.4728 40.3368
33.712442 39.369178
8.416204 51.20272
29.06 41.0638
31.443 41.3132
30.5559 36.6037
29.5286 38.3232
29.224199 50.701199
31.716333 38.880783
29.042 41.253
32.3605 37.9453
26.5537 38.5936
29.58561 36.15031
16.2931 50.8428
28.6607 38.5145
32.743 41.8456
27.2815 37.86
0.0727 43.0459
12.624 50.0497
32.3648 38.2
1.309 43.235
32.8433 35.1118
11.1978 50.57607
7.758909 49.033895
33.5337 35.2832
-1.405616 46.457244
-3.673245 48.678699
32.764 39.8893
-1.285974 48.676406
-0.31 44.9478
4.2665 39.8959
5.9727 50.8
5.922544 48.827746
12.1083 49.986198
31.197701 40.471199
10.658760000000001 51.2833
0.7575000000000001 42.8717
1.948057 49.898363
-0.1458 46.6022
9.292300000000001 49.8284
12.08091 50.78982
1.0947 42.9578
-0.12734199999999998 43.828328
31.4161 36.7935
10.31802 50.84516
12.46844 50.94269
4.391931 47.930663
11.2247 50.53608
11.6161 50.6461
27.5832 40.609
-0.845851 48.27218
8.104039 48.955972
11.7719 51.1942
6.025492 49.325863
10.8643 51.57828
12.4479 50.2331
0.6561 36.037
-4.143906 47.922867
5.8121 51.5888
7.88278 48.92126
-0.9372 43.2119
28.8914 40.0452
29.7 40.601
-1.2615 43.2558
16.2156 50.5565
1.5461 42.5237
-2.333385 48.494128
12.15733 50.48522
-3.429 47.746
1.0847 41.3793
10.86677 51.33267
12.6782 49.6693
26.26499 39.24565
14.5689 50.5282
-0.04925 43.0969
11.56432 50.66236
5.2276 50.155899
0.33790000000000003 42.807
-0.39330000000000004 43.0683
-1.3135 47.5065
6.08469 50.86939
3.2736 48.3364
12.207 49.766899
0.021 44.382
-0.26817 51.14767
32.6872 41.2398
1.1883 42.759
26.6107 37.758573
5.1241 48.6152
-1.4111 46.0467
29.222 39.0231
30.551 38.553
2.8762 42.4835
33.9465 36.3926
28.9805 39.1005
26.83772 37.70426
0.053324 48.298814
10.42599 51.53225
9.9099 50.65261
2.204226 47.381387
-1.108844 49.045121
-0.221 51.1445
7.7633 48.5799
9.195 48.7719
33.5157 38.1988
31.523 39.447
7.863045 48.932541
9.1091 37.0469
12.461 50.415
-1.113118 43.678743
5.906114 50.756763
8.6881 35.5616
8.1848 49.2192
8.4489 50.2236
0.45684 47.7494
29.4615 39.4497
10.00098 50.81877
3.2441 40.3075
16.0121 50.5074
-0.5931000000000001 43.4383
2.040357 42.387612
0.516 49.744
0.0229 42.8825
1.752517 41.182117
4.086 49.122
5.7847 50.8669
1.752517 41.182117
7.12266 48.966744
12.8803 49.1448
11.505 51.521
6.1526 49.6646
6.7989 51.9663
6.619516 48.40714
28.2858 37.1362
27.2801 37.1246
29.3708 40.5658
12.12605 51.0507
7.631582 48.302306
11.97713 50.67064
