5.86908 51.03544	1.5	0	0	TC	171
5.9268 50.9708	1.5	0	0	TC	1979
5.9727 50.8	1.5	0	0	TC	1980
6.08469 50.86939	1.5	0	0	TC	1982
12.57625 50.96757	1.5	0	0	TC	ABG1
29.7383 40.4332	1.5	0	0	TC	ADVT
7.076 50.541	1.5	0	0	TC	AHRW
33.4662 35.0117	1.5	0	0	TC	AKIN
27.8129 38.8785	1.5	0	0	TC	AKS
32.0327 36.557	1.5	0	0	TC	ALAN
12.64499 50.88902	1.5	0	0	TC	ANNA
30.6538 36.8998	1.5	0	0	TC	ANTB
1.533754 42.434492	1.5	0	0	TC	ARBS
28.866 40.5683	1.5	0	0	TC	ARMT
-0.7007 43.0858	1.5	0	0	TC	ATE
27.879999 39.639999	1.5	0	0	TC	BALB
3.312 49.566	1.5	0	0	TC	BARI
10.50421 50.73536	1.5	0	0	TC	BBWF
30.5877 37.461	1.5	0	0	TC	BCK
-2.261926 47.614444	1.5	0	0	TC	BEGF
20.7888 51.8355	1.5	0	0	TC	BEL
-1.614326 49.374499	1.5	0	0	TC	BESN
5.227764 49.241717	1.5	0	0	TC	BETHI
7.92429 48.89357	1.5	0	0	TC	BETS
28.773 41.181	1.5	0	0	TC	BGKT
-3.201572 47.326646	1.5	0	0	TC	BIMF
5.9268 50.9708	1.5	0	0	TC	BING
27.042 38.3853	1.5	0	0	TC	BLCB
27.3103 37.0622	1.5	0	0	TC	BODT
11.00242 51.30677	1.5	0	0	TC	BONN
-1.6380810000000001 47.160519	1.5	0	0	TC	BOUF
32.9763 36.1069	1.5	0	0	TC	BOZY
-0.26517 51.188	1.5	0	0	TC	BRDL
13.9436 50.8733	1.5	0	0	TC	BRG
0.982288 46.804442	1.5	0	0	TC	BSCF
7.2707 51.4412	1.5	0	0	TC	BUG
-4.6147 48.2691	1.5	0	0	TC	CAMF
-0.5174949999999999 42.763652	1.5	0	0	TC	CANF
33.6197 40.6062	1.5	0	0	TC	CANT
0.818132 42.707643	1.5	0	0	TC	CARA
2.1046 42.7149	1.5	0	0	TC	CARF
-1.0012 37.5868	1.5	0	0	TC	CART
29.8377 40.2018	1.5	0	0	TC	CAVI
0.750608 41.881578	1.5	0	0	TC	CAVN
2.675797 42.255629	1.5	0	0	TC	CBEU
2.1803 42.2855	1.5	0	0	TC	CBRU
0.8263 40.7044	1.5	0	0	TC	CBUD
2.904141 41.882875	1.5	0	0	TC	CCAS
26.2997 38.3306	1.5	0	0	TC	CESE
1.254049 42.598651	1.5	0	0	TC	CEST
0.6614 40.5604	1.5	0	0	TC	CFAR
2.434581 41.761185	1.5	0	0	TC	CFON
1.913703 41.293309	1.5	0	0	TC	CGAR
-0.40767000000000003 46.13346	1.5	0	0	TC	CHIF
10.81861 51.60994	1.5	0	0	TC	CHRS
16.0547 50.5881	1.5	0	0	TC	CHVC
7.363752 48.832627	1.5	0	0	TC	CIEL
1.389217 48.549	1.5	0	0	TC	CLEV
2.26 48.0258	1.5	0	0	TC	CLF
13.00238 51.30803	1.5	0	0	TC	CLL
1.972973 42.478105	1.5	0	0	TC	CLLI
-0.195658 45.522645	1.5	0	0	TC	CLMF
10.3741 51.8429	1.5	0	0	TC	CLZ
0.313875 40.72568	1.5	0	0	TC	CMAS
1.3573 40.7141	1.5	0	0	TC	COBS
1.316531 42.229088	1.5	0	0	TC	CORG
3.16244 42.310533	1.5	0	0	TC	CPAL
0.7292000000000001 43.721	1.5	0	0	TC	CRAS
-0.649783 47.134922	1.5	0	0	TC	CRNF
10.79214 50.60195	1.5	0	0	TC	CRUX
1.614804 47.643773	1.5	0	0	TC	CSCF
1.1339000000000001 42.375599	1.5	0	0	TC	CSOR
0.7736000000000001 42.3242	1.5	0	0	TC	CTRE
28.2897 41.476	1.5	0	0	TC	CTYL
2.3558 48.8445	1.5	0	0	TC	CURIE
28.6532 36.8162	1.5	0	0	TC	DALY
27.5767 36.7308	1.5	0	0	TC	DAT
27.6602 36.7584	1.5	0	0	TC	DATC
-0.352634 47.66027	1.5	0	0	TC	DAUF
29.9056 36.2365	1.5	0	0	TC	DEMR
27.2398 37.3767	1.5	0	0	TC	DIDI
26.9053 39.071301	1.5	0	0	TC	DKL
4.595 50.0958	1.5	0	0	TC	DOU
28.6267 39.6041	1.5	0	0	TC	DST
1.8090000000000002 43.025	1.5	0	0	TC	DUNF
0.49394000000000005 40.820167	1.5	0	0	TC	EBR
7.158961 48.216313	1.5	0	0	TC	ECH
-0.97 39.59	1.5	0	0	TC	ECHE
0.2 42.66	1.5	0	0	TC	ECHI
27.8618 40.3465	1.5	0	0	TC	EDC
1.34 39.03	1.5	0	0	TC	EIBI
29.908501 36.748299	1.5	0	0	TC	ELL
1.13483 51.14817	1.5	0	0	TC	ELSH
1.53 41.91	1.5	0	0	TC	EMIR
-0.47 40.36	1.5	0	0	TC	EMOS
0.34 43.0308	1.5	0	0	TC	EPF
1.08 41.35	1.5	0	0	TC	EPOB
0.33 40.96	1.5	0	0	TC	ERTA
-0.47 41.72	1.5	0	0	TC	ESAC
30.8492 39.5212	1.5	0	0	TC	ESKT
6.0382 48.2622	1.5	0	0	TC	ETNF
2.81 39.77	1.5	0	0	TC	ETOS
-0.5591700000000001 42.89861	1.5	0	0	TC	ETSF
26.3247 39.8255	1.5	0	0	TC	EZN
11.2655 51.6819	1.5	0	0	TC	FALKS
2.125 41.4164	1.5	0	0	TC	FBR
29.0968 36.6903	1.5	0	0	TC	FETI
29.0835 36.6353	1.5	0	0	TC	FETY
2.4171 42.5602	1.5	0	0	TC	FILF
2.1064 42.9031	1.5	0	0	TC	FNEB
26.7309 38.7131	1.5	0	0	TC	FOCM
12.31685 50.69544	1.5	0	0	TC	FRAU
12.98856 50.59483	1.5	0	0	TC	FROHN
-0.22433000000000003 51.14517	1.5	0	0	TC	GAT2
-0.22 51.144	1.5	0	0	TC	GATW
12.1999 50.7353	1.5	0	0	TC	GEIDO
29.2116 40.4646	1.5	0	0	TC	GEML
1.5723 42.8233	1.5	0	0	TC	GENF
0.19775099999999998 47.407581	1.5	0	0	TC	GIZF
26.8747 38.0764	1.5	0	0	TC	GMLD
0.328908 46.104732	1.5	0	0	TC	GNEF
27.9175 38.7077	1.5	0	0	TC	GOMA
27.686 40.0466	1.5	0	0	TC	GONE
0.7386039999999999 49.01702	1.5	0	0	TC	GOTF
30.3167 40.285	1.5	0	0	TC	GPA
26.1329 39.4552	1.5	0	0	TC	GPNR
11.22172 49.691888	1.5	0	0	TC	GRA1
11.359444 49.655208	1.5	0	0	TC	GRA2
11.318695 49.762204	1.5	0	0	TC	GRA3
11.435871 49.565403	1.5	0	0	TC	GRA4
11.651953 49.391348	1.5	0	0	TC	GRB1
11.669966 49.270925	1.5	0	0	TC	GRB2
11.805983 49.343542	1.5	0	0	TC	GRB3
11.560846 49.468937	1.5	0	0	TC	GRB4
11.676733 49.112131	1.5	0	0	TC	GRB5
11.52135 48.996168	1.5	0	0	TC	GRC1
11.375543 48.867567	1.5	0	0	TC	GRC2
11.585822 48.890174	1.5	0	0	TC	GRC3
11.526272 49.086746	1.5	0	0	TC	GRC4
11.2203 49.690899	1.5	0	0	TC	GRFO
12.21964 50.6908	1.5	0	0	TC	GRZ1
9.96417 51.54639	1.5	0	0	TC	GTTG
-2.6340310000000002 47.8874	1.5	0	0	TC	GUEF
1.9439449999999998 49.304748	1.5	0	0	TC	HARD
32.486 36.964	1.5	0	0	TC	HDMB
2.24139 50.70492	1.5	0	0	TC	HELF
5.9317 50.764	1.5	0	0	TC	HGN
12.26811 50.8297	1.5	0	0	TC	HKWD
0.33632999999999996 50.86733	1.5	0	0	TC	HMNX
7.484304 48.658742	1.5	0	0	TC	HOHE
-0.20917000000000002 51.17583	1.5	0	0	TC	HORS
13.4317 50.6072	1.5	0	0	TC	HSKC
11.47223 50.59227	1.5	0	0	TC	HWTS
2.1189 41.3844	1.5	0	0	TC	ICJA
33.6845 36.2367	1.5	0	0	TC	IKL
7.716819 48.515992	1.5	0	0	TC	ILLK
-1.037053 43.033533	1.5	0	0	TC	IRAF
29.0592 41.0657	1.5	0	0	TC	ISK
30.5093 37.8433	1.5	0	0	TC	ISP
29.4728 40.3368	1.5	0	0	TC	IZI
33.712442 39.369178	1.5	0	0	TC	KAMT
8.416204 51.20272	1.5	0	0	TC	KAST
29.06 41.0638	1.5	0	0	TC	KAVV
31.443 41.3132	1.5	0	0	TC	KDZE
30.5559 36.6037	1.5	0	0	TC	KEMT
29.5286 38.3232	1.5	0	0	TC	KHL
29.224199 50.701199	1.5	0	0	TC	KIEV
31.716333 38.880783	1.5	0	0	TC	KIZT
29.042 41.253	1.5	0	0	TC	KLYT
32.3605 37.9453	1.5	0	0	TC	KONT
26.5537 38.5936	1.5	0	0	TC	KRBN
29.58561 36.15031	1.5	0	0	TC	KSL
16.2931 50.8428	1.5	0	0	TC	KSP
28.6607 38.5145	1.5	0	0	TC	KULA
32.743 41.8456	1.5	0	0	TC	KURC
27.2815 37.86	1.5	0	0	TC	KUSD
0.0727 43.0459	1.5	0	0	TC	LABF
12.624 50.0497	1.5	0	0	TC	LACW
32.3648 38.2	1.5	0	0	TC	LADK
1.309 43.235	1.5	0	0	TC	LATF
32.8433 35.1118	1.5	0	0	TC	LEF
11.1978 50.57607	1.5	0	0	TC	LEIB1
7.758909 49.033895	1.5	0	0	TC	LEMB
33.5337 35.2832	1.5	0	0	TC	LFK
-1.405616 46.457244	1.5	0	0	TC	LGIF
-3.673245 48.678699	1.5	0	0	TC	LOCF
32.764 39.8893	1.5	0	0	TC	LOD
-1.285974 48.676406	1.5	0	0	TC	LOUF
-0.31 44.9478	1.5	0	0	TC	LRVF
4.2665 39.8959	1.5	0	0	TC	MAHO
5.9727 50.8	1.5	0	0	TC	MAME
5.922544 48.827746	1.5	0	0	TC	MANO
12.1083 49.986198	1.5	0	0	TC	MANZ
31.197701 40.471199	1.5	0	0	TC	MDUB
10.658760000000001 51.2833	1.5	0	0	TC	MEHR
0.7575000000000001 42.8717	1.5	0	0	TC	MELF
1.948057 49.898363	1.5	0	0	TC	MERIC
-0.1458 46.6022	1.5	0	0	TC	MFF
9.292300000000001 49.8284	1.5	0	0	TC	MILB
12.08091 50.78982	1.5	0	0	TC	MLFH
1.0947 42.9578	1.5	0	0	TC	MLS
-0.12734199999999998 43.828328	1.5	0	0	TC	MLZA
31.4161 36.7935	1.5	0	0	TC	MNVG
10.31802 50.84516	1.5	0	0	TC	MOB6
12.46844 50.94269	1.5	0	0	TC	MODW
4.391931 47.930663	1.5	0	0	TC	MOLES
11.2247 50.53608	1.5	0	0	TC	MORAS
11.6161 50.6461	1.5	0	0	TC	MOX
27.5832 40.609	1.5	0	0	TC	MRMT
-0.845851 48.27218	1.5	0	0	TC	MTNF
8.104039 48.955972	1.5	0	0	TC	NEEW
11.7719 51.1942	1.5	0	0	TC	NEUB
6.025492 49.325863	1.5	0	0	TC	NEUF
10.8643 51.57828	1.5	0	0	TC	NEUST
12.4479 50.2331	1.5	0	0	TC	NKC
0.6561 36.037	1.5	0	0	TC	OKGL
-4.143906 47.922867	1.5	0	0	TC	OLIV
5.8121 51.5888	1.5	0	0	TC	OPLO
7.88278 48.92126	1.5	0	0	TC	OPS
-0.9372 43.2119	1.5	0	0	TC	ORDF
28.8914 40.0452	1.5	0	0	TC	ORLT
29.7 40.601	1.5	0	0	TC	OSMT
-1.2615 43.2558	1.5	0	0	TC	OSSF
16.2156 50.5565	1.5	0	0	TC	OSTC
1.5461 42.5237	1.5	0	0	TC	PAND
-2.333385 48.494128	1.5	0	0	TC	PLEF
12.15733 50.48522	1.5	0	0	TC	PLN
-3.429 47.746	1.5	0	0	TC	PLOF
1.0847 41.3793	1.5	0	0	TC	POBL
10.86677 51.33267	1.5	0	0	TC	POSS
12.6782 49.6693	1.5	0	0	TC	PRIC
26.26499 39.24565	1.5	0	0	TC	PRK
14.5689 50.5282	1.5	0	0	TC	PVCC
-0.04925 43.0969	1.5	0	0	TC	PYLO
11.56432 50.66236	1.5	0	0	TC	RANIS
5.2276 50.155899	1.5	0	0	TC	RCHB
0.33790000000000003 42.807	1.5	0	0	TC	RESF
-0.39330000000000004 43.0683	1.5	0	0	TC	REYF
-1.3135 47.5065	1.5	0	0	TC	RIAF
6.08469 50.86939	1.5	0	0	TC	ROLD
3.2736 48.3364	1.5	0	0	TC	ROSF
12.207 49.766899	1.5	0	0	TC	ROTZ
0.021 44.382	1.5	0	0	TC	RUFF
-0.26817 51.14767	1.5	0	0	TC	RUSH
32.6872 41.2398	1.5	0	0	TC	SAFT
1.1883 42.759	1.5	0	0	TC	SALF
26.6107 37.758573	1.5	0	0	TC	SAM2
5.1241 48.6152	1.5	0	0	TC	SAVF
-1.4111 46.0467	1.5	0	0	TC	SDOF
29.222 39.0231	1.5	0	0	TC	SHAP
30.551 38.553	1.5	0	0	TC	SHUT
2.8762 42.4835	1.5	0	0	TC	SJAF
33.9465 36.3926	1.5	0	0	TC	SLFK
28.9805 39.1005	1.5	0	0	TC	SMAA
26.83772 37.70426	1.5	0	0	TC	SMG
0.053324 48.298814	1.5	0	0	TC	SOMF
10.42599 51.53225	1.5	0	0	TC	SONN
9.9099 50.65261	1.5	0	0	TC	SPAHL
2.204226 47.381387	1.5	0	0	TC	SRNF
-1.108844 49.045121	1.5	0	0	TC	SROF
-0.221 51.1445	1.5	0	0	TC	STAN
7.7633 48.5799	1.5	0	0	TC	STR
9.195 48.7719	1.5	0	0	TC	STU
33.5157 38.1988	1.5	0	0	TC	SULT
31.523 39.447	1.5	0	0	TC	SVRH
7.863045 48.932541	1.5	0	0	TC	SZBH
9.1091 37.0469	1.5	0	0	TC	TAMR
12.461 50.415	1.5	0	0	TC	TANN
-1.113118 43.678743	1.5	0	0	TC	TERF
5.906114 50.756763	1.5	0	0	TC	TERZ
8.6881 35.5616	1.5	0	0	TC	THTN
8.1848 49.2192	1.5	0	0	TC	TMO22
8.4489 50.2236	1.5	0	0	TC	TNS
0.45684 47.7494	1.5	0	0	TC	TSDF
29.4615 39.4497	1.5	0	0	TC	TVSB
10.00098 50.81877	1.5	0	0	TC	UBBA
3.2441 40.3075	1.5	0	0	TC	UCM
16.0121 50.5074	1.5	0	0	TC	UPC
-0.5931000000000001 43.4383	1.5	0	0	TC	URDF
2.040357 42.387612	1.5	0	0	TC	VALC
0.516 49.744	1.5	0	0	TC	VALM
0.0229 42.8825	1.5	0	0	TC	VIEF
1.752517 41.182117	1.5	0	0	TC	VILA
4.086 49.122	1.5	0	0	TC	VILS
5.7847 50.8669	1.5	0	0	TC	VKB
1.752517 41.182117	1.5	0	0	TC	VNIG
7.12266 48.966744	1.5	0	0	TC	VOEL
12.8803 49.1448	1.5	0	0	TC	WET
11.505 51.521	1.5	0	0	TC	WIMM
6.1526 49.6646	1.5	0	0	TC	WLF
6.7989 51.9663	1.5	0	0	TC	WTSB
6.619516 48.40714	1.5	0	0	TC	XAFF
28.2858 37.1362	1.5	0	0	TC	YER
27.2801 37.1246	1.5	0	0	TC	YKAV
29.3708 40.5658	1.5	0	0	TC	YLV
12.12605 51.0507	1.5	0	0	TC	ZEITZ
7.631582 48.302306	1.5	0	0	TC	ZELS
11.97713 50.67064	1.5	0	0	TC	ZEU
