24.0585 34.8389	1.5	0	0	TC	GVDS
24.08738 34.83914	1.5	0	0	TC	GVD
24.7995 34.9731	1.5	0	0	TC	IMOD
24.81204 35.01777	1.5	0	0	TC	SIVA
25.4733 35.0429	1.5	0	0	TC	PFKS
26.21691 35.1147	1.5	0	0	TC	ZKR
25.3372 35.1801	1.5	0	0	TC	KSTE
26.0909 35.2021	1.5	0	0	TC	STIA
23.6248 35.2348	1.5	0	0	TC	KNDR
25.61037 35.26134	1.5	0	0	TC	NPS
24.89 35.288	1.5	0	0	TC	IDI
25.18017 35.304187	1.5	0	0	TC	KNSS
25.0709 35.3058	1.5	0	0	TC	IACM
24.4632 35.3486	1.5	0	0	TC	IPPL
23.5577 35.3692	1.5	0	0	TC	KERA
24.1997 35.407	1.5	0	0	TC	VAM
23.9811 35.4606	1.5	0	0	TC	IMMV
24.0428 35.5193	1.5	0	0	TC	CHAN
27.16106 35.5471	1.5	0	0	TC	KARP
23.7577 35.5604	1.5	0	0	TC	RODP
14.5242 35.8373	1.5	0	0	TC	WDD
23.30117 35.86704	1.5	0	0	TC	ANKY
14.22 36.0323	1.5	0	0	TC	XLND
22.9939 36.2447	1.5	0	0	TC	KTHR
23.0621 36.2566	1.5	0	0	TC	KTHA
25.475262999999998 36.366992	1.5	0	0	TC	THERA
25.4056 36.4709	1.5	0	0	TC	CMBO
27.17666 36.57441	1.5	0	0	TC	NISR2
27.17817 36.60233	1.5	0	0	TC	NIS1
22.94686 36.71803	1.5	0	0	TC	VLI
21.742 36.8955	1.5	0	0	TC	PYL
22.136 36.9261	1.5	0	0	TC	KTRS
15.122 36.9596	1.5	0	0	TC	HAVL
14.5216 36.9926	1.5	0	0	TC	HVIT
25.52301 37.07274	1.5	0	0	TC	APE
15.222 37.0928	1.5	0	0	TC	HSRS
21.92522 37.17872	1.5	0	0	TC	ITM
15.0325 37.2831	1.5	0	0	TC	HCRL
13.659995 37.328791	1.5	0	0	TC	FAVA
23.1502 37.383	1.5	0	0	TC	KRND
14.3533 37.469	1.5	0	0	TC	VAE
14.945 37.498	1.5	0	0	TC	EMSA
13.101908 37.516469	1.5	0	0	TC	SCIAC
21.7089 37.5324	1.5	0	0	TC	AMT
13.216 37.578	1.5	0	0	TC	CLTB
23.385876 37.578529	1.5	0	0	TC	MET1
15.05257 37.57919	1.5	0	0	TC	EMAS
23.329567 37.612669	1.5	0	0	TC	MET2
25.0221 37.6541	1.5	0	0	TC	THNO
12.97673 37.66195	1.5	0	0	TC	MMGO
12.5647 37.7532	1.5	0	0	TC	MARS
15.1345 37.7551	1.5	0	0	TC	ESAL
23.7942 37.8524	1.5	0	0	TC	VLY
14.05785 37.93745	1.5	0	0	TC	CSLB
13.74926 37.94064	1.5	0	0	TC	SCIAR
12.953452 37.946147	1.5	0	0	TC	MBFT
21.71 37.952	1.5	0	0	TC	DRO
13.433009 37.954428	1.5	0	0	TC	MARIO
23.7845 37.9665	1.5	0	0	TC	ATHU
23.71767 37.97384	1.5	0	0	TC	ATH
14.026023 37.990126	1.5	0	0	TC	GIB
22.9673 38.0228	1.5	0	0	TC	LTK
24.437 38.0321	1.5	0	0	TC	KARY
22.15042 38.0435	1.5	0	0	TC	KLV
23.8638 38.0473	1.5	0	0	TC	PTL
21.46475 38.05586	1.5	0	0	TC	RLS
20.7715 38.076	1.5	0	0	TC	RTZL
14.928733 38.083692	1.5	0	0	TC	LIBRI
15.703 38.162	1.5	0	0	TC	MRCB
20.5886 38.17683	1.5	0	0	TC	VLS
21.9785 38.2401	1.5	0	0	TC	LAKA
22.9795 38.2569	1.5	0	0	TC	DOMV
15.8939 38.2603	1.5	0	0	TC	CEL
21.7864 38.2836	1.5	0	0	TC	UPR
22.07272 38.36543	1.5	0	0	TC	TRIZ
26.0506 38.3869	1.5	0	0	TC	CHOS
21.4073 38.4124	1.5	0	0	TC	PLEV
22.0566 38.4133	1.5	0	0	TC	SERG
21.9209 38.5933	1.5	0	0	TC	ANX
21.1833 38.5986	1.5	0	0	TC	PDO
21.525 38.616	1.5	0	0	TC	PVO
24.100138 38.633147	1.5	0	0	TC	KYMI
23.0213 38.6926	1.5	0	0	TC	ATAL
20.65779 38.78893	1.5	0	0	TC	LKD2
15.2149 38.809615	1.5	0	0	TC	STRG
24.5482 38.8831	1.5	0	0	TC	SKY
21.8105 38.91657	1.5	0	0	TC	EVR
21.2135 38.9224	1.5	0	0	TC	AMPL
22.336 39.0211	1.5	0	0	TC	AGG
8.490392 39.122956	1.5	0	0	TC	SU26
23.8436 39.1478	1.5	0	0	TC	AOS2
16.7583 39.1794	1.5	0	0	TC	TIP
25.8553 39.2114	1.5	0	0	TC	SIGR
20.576 39.2492	1.5	0	0	TC	KSTR
23.22189 39.30567	1.5	0	0	TC	NEO
21.274667 39.3445	1.5	0	0	TC	TETR
23.19178 39.36598	1.5	0	0	TC	XOR
16.5088 39.4027	1.5	0	0	TC	CELI
16.8158 39.48514	1.5	0	0	TC	PIPA
9.378 39.496	1.5	0	0	TC	VSL
21.0965 39.5299	1.5	0	0	TC	PRMD
20.3299 39.5315	1.5	0	0	TC	IGT
22.0144 39.56468	1.5	0	0	TC	THL
20.84874 39.65616	1.5	0	0	TC	JAN
16.33762 39.6601	1.5	0	0	TC	TDS
22.2325 39.711	1.5	0	0	TC	TYRN
19.79623 39.7127	1.5	0	0	TC	KEK
20.005316 39.878303	1.5	0	0	TC	SRN
25.18055 39.89725	1.5	0	0	TC	LIA
23.6768 39.9363	1.5	0	0	TC	PAIG
21.36321 39.95495	1.5	0	0	TC	KPRO
15.8155 39.9938	1.5	0	0	TC	CUC
18.4675 40.0724	1.5	0	0	TC	SCTE
22.48916 40.10333	1.5	0	0	TC	LIT
25.8987 40.1908	1.5	0	0	TC	GADA
15.8063 40.29722	1.5	0	0	TC	MARCO
21.78209 40.30331	1.5	0	0	TC	KZN
23.9791 40.3325	1.5	0	0	TC	OUR
23.44443 40.37328	1.5	0	0	TC	PLG
21.0489 40.4147	1.5	0	0	TC	NEST
9.4566 40.4444	1.5	0	0	TC	SENA
25.530450000000002 40.47094	1.5	0	0	TC	SMTH
16.06124 40.52148	1.5	0	0	TC	PTRP
14.335709 40.58256	1.5	0	0	TC	SORR
23.0996 40.5978	1.5	0	0	TC	HORT
24.7194 40.6064	1.5	0	0	TC	THAS
17.144 40.633	1.5	0	0	TC	MASS
15.807 40.6458	1.5	0	0	TC	PZUN
16.70442 40.64907	1.5	0	0	TC	MATE
26.5132 40.6708	1.5	0	0	TC	ERIK
13.8551 40.7115	1.5	0	0	TC	IFOR
13.8758 40.7209	1.5	0	0	TC	IMTC
26.153 40.7362	1.5	0	0	TC	ENEZ
13.9008 40.7458	1.5	0	0	TC	IOCA
14.089047 40.778154	1.5	0	0	TC	CMIS
14.163176 40.79817	1.5	0	0	TC	CNIS
14.4242 40.8059	1.5	0	0	TC	VTIR
14.08057 40.810901	1.5	0	0	TC	CBAC
23.999200000000002 40.8178	1.5	0	0	TC	KOKK
14.438636 40.818549	1.5	0	0	TC	VBKE
14.1473 40.8187	1.5	0	0	TC	COLB
14.4314 40.819	1.5	0	0	TC	VCRE
14.1407 40.82	1.5	0	0	TC	CAAM
14.1187 40.8211	1.5	0	0	TC	CPOZ
14.4223 40.8212	1.5	0	0	TC	CRTO
23.3539 40.8217	1.5	0	0	TC	SOH
14.1443 40.8275	1.5	0	0	TC	CSOB
14.39667 40.8275	1.5	0	0	TC	OVO
14.1397 40.8291	1.5	0	0	TC	CSFT
14.147 40.8292	1.5	0	0	TC	CPIS
14.149329 40.829447	1.5	0	0	TC	CSTH
14.4299 40.83	1.5	0	0	TC	VBKN
14.0935 40.8329	1.5	0	0	TC	CFMN
14.4238 40.8356	1.5	0	0	TC	VVDG
14.1818 40.8382	1.5	0	0	TC	CMSN
26.046 40.885	1.5	0	0	TC	ALN
22.401 40.957	1.5	0	0	TC	GRG
24.513666 40.99666	1.5	0	0	TC	KAVA
14.567486 41.031206	1.5	0	0	TC	PAOL
23.595 41.10866	1.5	0	0	TC	SRS
25.53553 41.14503	1.5	0	0	TC	RDO
15.816928 41.158295	1.5	0	0	TC	CAPA
22.898 41.162	1.5	0	0	TC	KNT
15.132629 41.199899	1.5	0	0	TC	BIOG
14.17989 41.200001	1.5	0	0	TC	PIGN
19.8631 41.3472	1.5	0	0	TC	TIR
23.86517 41.34846	1.5	0	0	TC	NVR
24.550167 41.3525	1.5	0	0	TC	PRAS
14.910201 41.513145	1.5	0	0	TC	GATE
23.7496 41.5469	1.5	0	0	TC	MMB
25.3396 41.6303	1.5	0	0	TC	KDZ
12.770183 41.750225	1.5	0	0	TC	VIVA
15.54308 41.75738	1.5	0	0	TC	APRC
12.65907 41.769756	1.5	0	0	TC	MA9
12.70222 41.81112	1.5	0	0	TC	RMP
23.1287 41.8417	1.5	0	0	TC	KKB
26.7437 41.847	1.5	0	0	TC	EDRB
8.763 41.9279	1.5	0	0	TC	AJAC
12.98176 41.94903	1.5	0	0	TC	CERT
13.40057 42.02193	1.5	0	0	TC	PTQR
19.5 42.05	1.5	0	0	TC	SDA
9.2847 42.0945	1.5	0	0	TC	SMPL
15.51 42.123	1.5	0	0	TC	TREM
13.776334 42.22944	1.5	0	0	TC	T0110
14.9315 42.2364	1.5	0	0	TC	ROSPO
12.50993 42.23696	1.5	0	0	TC	SRES
13.11718 42.26802	1.5	0	0	TC	FIAM
13.405 42.354	1.5	0	0	TC	AQU
19.26083 42.42967	1.5	0	0	TC	PDG
13.572833 42.453167	1.5	0	0	TC	GIGS
23.4255 42.4762	1.5	0	0	TC	PLN
13.409 42.53578	1.5	0	0	TC	CAMP
18.9226 42.5465	1.5	0	0	TC	CEME
8.9994 42.5483	1.5	0	0	TC	PGF
12.58676 42.608486	1.5	0	0	TC	CESX
23.2342 42.6144	1.5	0	0	TC	VTS1
21.81534 42.816477	1.5	0	0	TC	BARS
11.90967 42.84906	1.5	0	0	TC	SACS
25.8751 42.9287	1.5	0	0	TC	ELND
13.6857 42.935	1.5	0	0	TC	OFFI
9.363 42.953	1.5	0	0	TC	MORSI
13.0873 43.0365	1.5	0	0	TC	FDMO
13.3352 43.0627	1.5	0	0	TC	GUMA
6.033356 43.079525	1.5	0	0	TC	MIGAL
25.1732 43.1227	1.5	0	0	TC	PVL
3.09 43.135	1.5	0	0	TC	CLAF
16.4488 43.1776	1.5	0	0	TC	HVAR
12.940570000000001 43.255	1.5	0	0	TC	SNTG
19.973146 43.261405	1.5	0	0	TC	JES
25.9763 43.2653	1.5	0	0	TC	SZH
2.2175 43.3411	1.5	0	0	TC	MTLF
23.74 43.356	1.5	0	0	TC	MPE
26.593 43.37	1.5	0	0	TC	LOZB
6.2549 43.3827	1.5	0	0	TC	FLAF
24.6207 43.387	1.5	0	0	TC	PLVB
7.8629999999999995 43.398667	1.5	0	0	TC	MUG01
28.4162 43.4059	1.5	0	0	TC	KALB
5.3325 43.4917	1.5	0	0	TC	ARBF
17.133 43.4944	1.5	0	0	TC	RIC
19.7005 43.5077	1.5	0	0	TC	SJES
11.24579 43.52358	1.5	0	0	TC	OSSC
28.6057 43.5389	1.5	0	0	TC	SHAB
26.5079 43.5662	1.5	0	0	TC	RAZG
5.8067 43.5882	1.5	0	0	TC	ARTF
22.6749 43.6227	1.5	0	0	TC	BLKB
21.70579 43.635172	1.5	0	0	TC	BOVS
28.1359 43.6376	1.5	0	0	TC	PSN
10.46937 43.640408	1.5	0	0	TC	VRG03
7.2191 43.64387	1.5	0	0	TC	PRIMA
10.516896 43.65693	1.5	0	0	TC	VRG02
25.3652 43.6572	1.5	0	0	TC	ZIMR
7.20276 43.6802	1.5	0	0	TC	NIMR
3.8590809999999998 43.715286	1.5	0	0	TC	REST
10.52495 43.72193	1.5	0	0	TC	PII
7.424688 43.730343	1.5	0	0	TC	MON
6.4074 43.7471	1.5	0	0	TC	TRIGF
6.9218 43.7528	1.5	0	0	TC	CALF
12.883011 43.768478	1.5	0	0	TC	CRTC
11.255134 43.774366	1.5	0	0	TC	FIR
11.7893 43.7967	1.5	0	0	TC	ASQU
5.6433 43.8009	1.5	0	0	TC	BSTF
26.4941 43.8024	1.5	0	0	TC	KUBB
28.5876 43.8168	1.5	0	0	TC	MANR
17.001111 43.8227778	1.5	0	0	TC	LIVNO
7.3744 43.831	1.5	0	0	TC	ESCA
7.70267 43.84617	1.5	0	0	TC	NEGI
19.406053 43.865156999999996	1.5	0	0	TC	BBLS
15.707297 43.866017	1.5	0	0	TC	MORI
20.715084 43.888764	1.5	0	0	TC	GRUS
7.153 43.896	1.5	0	0	TC	MVIF
12.445128 43.937695	1.5	0	0	TC	RSM2
5.1064 43.9377	1.5	0	0	TC	SAUF
5.4837 43.9412	1.5	0	0	TC	RUSF
6.045 43.951	1.5	0	0	TC	BLAF
3.221365 43.969837	1.5	0	0	TC	LAJAS
7.3919 43.9749	1.5	0	0	TC	TURF
7.5532 43.986	1.5	0	0	TC	SAOF
5.7675 43.988	1.5	0	0	TC	MLYF
15.05747 43.99191	1.5	0	0	TC	DUGI
23.345 44.0201	1.5	0	0	TC	BAIL
10.757 44.045	1.5	0	0	TC	POPM
9.853652 44.049818	1.5	0	0	TC	PLMA
7.2366 44.0558	1.5	0	0	TC	SPIF
28.6323 44.075	1.5	0	0	TC	EFOR
11.707267 44.07746	1.5	0	0	TC	LMD
18.9507 44.0862	1.5	0	0	TC	HAPS
19.991711 44.098236	1.5	0	0	TC	DIVS
3.9587 44.1054	1.5	0	0	TC	TRBF
6.2253 44.1093	1.5	0	0	TC	OGDI
6.7775 44.1095	1.5	0	0	TC	ENAUX
8.06617 44.11217	1.5	0	0	TC	RORO
7.617472 44.116444	1.5	0	0	TC	PIAF
10.3864 44.1594	1.5	0	0	TC	VLC
10.153 44.166	1.5	0	0	TC	EQUI
7.05 44.184	1.5	0	0	TC	ISO
2.1642 44.1912	1.5	0	0	TC	SLVF
27.0261 44.197	1.5	0	0	TC	CICN
7.8399 44.2416	1.5	0	0	TC	GBOS
7.326 44.2455	1.5	0	0	TC	STV
9.51739 44.31625	1.5	0	0	TC	MSSA
23.7999 44.325	1.5	0	0	TC	CRAR
10.5881 44.35047	1.5	0	0	TC	GSCL
1.1953 44.3676	1.5	0	0	TC	MONQ
4.1563 44.3689	1.5	0	0	TC	BANN
6.074 44.3703	1.5	0	0	TC	OGLC
5.549892 44.429092	1.5	0	0	TC	OGCC
28.4128 44.4581	1.5	0	0	TC	TIRR
8.9512 44.4712	1.5	0	0	TC	RNCA
26.8194 44.4739	1.5	0	0	TC	LEHL
6.811695 44.480935	1.5	0	0	TC	SURF
10.0658 44.4913	1.5	0	0	TC	GRAM
3.451818 44.519686	1.5	0	0	TC	BALS
24.9804 44.5281	1.5	0	0	TC	HUMR
5.069002 44.556977	1.5	0	0	TC	OGDF
23.2038 44.6609	1.5	0	0	TC	SRE
22.6922 44.6627	1.5	0	0	TC	RMGR
27.9303 44.6893	1.5	0	0	TC	HARR
17.1839 44.7488	1.5	0	0	TC	BLY
2.55412 44.76055	1.5	0	0	TC	LEUC
6.539745 44.78784	1.5	0	0	TC	OGAG
15.8597222 44.8086111	1.5	0	0	TC	BIHAC
6.11233 44.81517	1.5	0	0	TC	OGVG
5.096536 44.850137	1.5	0	0	TC	OGCB
28.4196 44.8565	1.5	0	0	TC	TPGR
24.9609 44.8629	1.5	0	0	TC	STFAR
11.0031 44.8658	1.5	0	0	TC	CAVE
15.623055 44.878389	1.5	0	0	TC	PLIT
4.892048 44.905697	1.5	0	0	TC	VAL4
13.750296 44.905732	1.5	0	0	TC	BRJN
6.709738 44.910273	1.5	0	0	TC	OGJA
5.88 44.9183	1.5	0	0	TC	ORIF
0.7401700000000001 44.9395	1.5	0	0	TC	LFF
5.675 44.9422	1.5	0	0	TC	AVM
6.401519 45.036803	1.5	0	0	TC	OGSA
3.618578 45.047528	1.5	0	0	TC	SGSF
6.678 45.052	1.5	0	0	TC	BNI
5.80467 45.060788	1.5	0	0	TC	OGS1
5.801324 45.064487	1.5	0	0	TC	OGS2
5.806072 45.06951	1.5	0	0	TC	OGS3
10.482 45.1071	1.5	0	0	TC	BOZZ
26.5432 45.1187	1.5	0	0	TC	ISR
5.088972 45.153917	1.5	0	0	TC	OGCN
19.8098 45.1573	1.5	0	0	TC	FRGS
29.7269 45.1621	1.5	0	0	TC	TSSL
28.1362 45.178	1.5	0	0	TC	CFR
28.8151 45.1861	1.5	0	0	TC	TLCR
6.68308 45.20865	1.5	0	0	TC	OGMO
3.247 45.232	1.5	0	0	TC	LBL
5.7439 45.2413	1.5	0	0	TC	GRN
4.542 45.279	1.5	0	0	TC	SSB
1.51639 45.3044	1.5	0	0	TC	RJF
11.673888999999999 45.361667	1.5	0	0	TC	TEOL
24.6332 45.3657	1.5	0	0	TC	ARR
26.9747 45.3801	1.5	0	0	TC	GRER
21.137 45.3828	1.5	0	0	TC	BANR
2.563 45.385	1.5	0	0	TC	FRNF
22.7767 45.3933	1.5	0	0	TC	GZR
29.289 45.4245	1.5	0	0	TC	CHLR
26.2952 45.4272	1.5	0	0	TC	NEHR
2.932 45.435	1.5	0	0	TC	CMPS
17.848056 45.436024	1.5	0	0	TC	VENJ
25.0495 45.4371	1.5	0	0	TC	VOIR
23.7698 45.446	1.5	0	0	TC	LOT
27.8314 45.4702	1.5	0	0	TC	SCHLR
6.712353 45.472393	1.5	0	0	TC	OGCY
25.945 45.4909	1.5	0	0	TC	MLR
3.6936999999999998 45.5004	1.5	0	0	TC	COLF
15.2518 45.504299	1.5	0	0	TC	BOJS
14.380700000000001 45.527802	1.5	0	0	TC	KNDS
14.8101 45.531101	1.5	0	0	TC	GBRS
27.8666 45.5335	1.5	0	0	TC	NEGR
27.8771 45.5373	1.5	0	0	TC	NEGRR
27.7655 45.5442	1.5	0	0	TC	IZVR
14.0143 45.546397999999996	1.5	0	0	TC	SKDS
0.760999 45.573975	1.5	0	0	TC	ABJF
27.7703 45.5897	1.5	0	0	TC	SLCR
28.0498 45.5977	1.5	0	0	TC	TATR
5.6972439999999995 45.609314	1.5	0	0	TC	OGSM
16.7544 45.6135	1.5	0	0	TC	MOSL
10.5243 45.6183	1.5	0	0	TC	SALO
21.6401 45.6188	1.5	0	0	TC	BZS
11.0721 45.6468	1.5	0	0	TC	ROVR
13.8013 45.6589	1.5	0	0	TC	DST2
27.9949 45.6741	1.5	0	0	TC	SCTR
6.624517 45.688207	1.5	0	0	TC	RSL
10.858943 45.697536	1.5	0	0	TC	MBAL
13.764 45.709	1.5	0	0	TC	TRI
27.2311 45.723	1.5	0	0	TC	PETR
26.685465 45.72664	1.5	0	0	TC	SAHR
14.4221 45.738098	1.5	0	0	TC	CEY
2.483 45.749	1.5	0	0	TC	VERF
3.111 45.763	1.5	0	0	TC	CFF
27.0558 45.7633	1.5	0	0	TC	ODBI
14.8393 45.803299	1.5	0	0	TC	VISS
15.4569 45.826	1.5	0	0	TC	CRES
15.986949 45.826997	1.5	0	0	TC	ZAGB
28.0808 45.8443	1.5	0	0	TC	VLDR
26.7277 45.8657	1.5	0	0	TC	VRI
15.6275 45.867199	1.5	0	0	TC	GCIS
27.1477 45.8723	1.5	0	0	TC	PANC
4.611435 45.878365	1.5	0	0	TC	OGGL
11.8047 45.8806	1.5	0	0	TC	CGRP
5.889317 45.881011	1.5	0	0	TC	OGMY
14.0643 45.893398	1.5	0	0	TC	JAVS
27.8487 45.8996	1.5	0	0	TC	VARL
15.968193 45.907328	1.5	0	0	TC	PTJ
9.04171 45.92184	1.5	0	0	TC	MUGIO
14.4434 45.934799	1.5	0	0	TC	GBAS
8.288 45.9358	1.5	0	0	TC	DIV60
7.11229 45.95101	1.5	0	0	TC	MFERR
1.7711 45.9568	1.5	0	0	TC	BRGF
10.9436 45.9595	1.5	0	0	TC	LUSI
25.3886 45.9675	1.5	0	0	TC	DOPR
3.621 45.97	1.5	0	0	TC	PLDF
13.6336 45.9875	1.5	0	0	TC	SABO
12.1051 45.9922	1.5	0	0	TC	VARN
12.4379 46.009	1.5	0	0	TC	CAE
13.8877 46.0322	1.5	0	0	TC	VOJS
14.5278 46.0438	1.5	0	0	TC	LJU
5.571813 46.044786	1.5	0	0	TC	OG35
11.6497 46.04818	1.5	0	0	TC	CTI
7.9640889999999995 46.05069	1.5	0	0	TC	MMK
3.1310000000000002 46.052	1.5	0	0	TC	AGO
6.75611 46.0567	1.5	0	0	TC	OGSI
6.097039 46.06018	1.5	0	0	TC	SALEV
5.973429 46.06592	1.5	0	0	TC	SAVIG
25.6611 46.0749	1.5	0	0	TC	BOSR
14.2613 46.0807	1.5	0	0	TC	CRNS
7.40839 46.08105	1.5	0	0	TC	DIX
18.0999 46.0883	1.5	0	0	TC	KOVH
14.7014 46.101601	1.5	0	0	TC	VNDS
16.455717 46.131166	1.5	0	0	TC	KALN
8.4388 46.13512	1.5	0	0	TC	DIV11
6.97302 46.14415	1.5	0	0	TC	SALAN
12.6154 46.1495	1.5	0	0	TC	MLN
15.4695 46.149502	1.5	0	0	TC	DOBS
24.3765 46.1497	1.5	0	0	TC	MDB
6.220211 46.154234	1.5	0	0	TC	OG02
7.13579 46.15632	1.5	0	0	TC	FULLY
2.200888 46.173861	1.5	0	0	TC	GZNF
5.90792 46.19107	1.5	0	0	TC	PERON
9.16648 46.2061	1.5	0	0	TC	VDR
18.6436 46.215	1.5	0	0	TC	MORH
6.94038 46.21934	1.5	0	0	TC	ILLEZ
13.7368 46.2281	1.5	0	0	TC	CADS
27.6436 46.2334	1.5	0	0	TC	BIR
13.2438 46.234	1.5	0	0	TC	BAD
6.054836 46.235876	1.5	0	0	TC	CERN1
8.019579 46.23962	1.5	0	0	TC	SIMPL
12.9877 46.2408	1.5	0	0	TC	MPRI
13.5094 46.244499	1.5	0	0	TC	ROBS
12.924 46.245	1.5	0	0	TC	PALA
7.11106 46.25053	1.5	0	0	TC	GRYON
13.2755 46.25383	1.5	0	0	TC	VINO
12.7104 46.2601	1.5	0	0	TC	STAL
6.066212 46.266947	1.5	0	0	TC	CERNS
12.0472 46.2829	1.5	0	0	TC	AGOR
6.12055 46.29249	1.5	0	0	TC	COLLE
14.4433 46.294102	1.5	0	0	TC	MOZS
6.07608 46.309893	1.5	0	0	TC	CERN5
12.4448 46.3116	1.5	0	0	TC	CIMO
13.9999 46.317402	1.5	0	0	TC	GORS
13.0984 46.3195	1.5	0	0	TC	BOO
6.682073 46.329823	1.5	0	0	TC	OGVA
26.394 46.3349	1.5	0	0	TC	ONER
6.95295 46.34176	1.5	0	0	TC	AIGLE
4.7522 46.3459	1.5	0	0	TC	OGRV
6.30842 46.346559	1.5	0	0	TC	MESRY
20.7258 46.3501	1.5	0	0	TC	AMBH
7.29938 46.36334	1.5	0	0	TC	SENIN
7.64433 46.37454	1.5	0	0	TC	LKBD2
10.02309 46.41363	1.5	0	0	TC	BERNI
9.02207 46.42309	1.5	0	0	TC	VMV
12.7419 46.4258	1.5	0	0	TC	PURA
6.131509 46.43213	1.5	0	0	TC	LADOL
15.0246 46.4342	1.5	0	0	TC	ZAVS
8.110509 46.4352	1.5	0	0	TC	FIESA
13.565 46.4428	1.5	0	0	TC	PRED
16.250401 46.448101	1.5	0	0	TC	KOGS
6.27815 46.45175	1.5	0	0	TC	VINZL
8.6629 46.45481	1.5	0	0	TC	FUSIO
12.8814 46.4569	1.5	0	0	TC	CLUD
15.5018 46.460999	1.5	0	0	TC	GROS
11.3778 46.463	1.5	0	0	TC	KOSI
16.7755 46.4703	1.5	0	0	TC	BEHE
9.34732 46.47223	1.5	0	0	TC	TUE
9.44956 46.48317	1.5	0	0	TC	VDL
11.3185 46.4952	1.5	0	0	TC	BOSI
14.5489 46.5092	1.5	0	0	TC	OBKA
26.6489 46.5118	1.5	0	0	TC	TESR
1.5912 46.5152	1.5	0	0	TC	GARF
2.701 46.52	1.5	0	0	TC	HRSF
6.26545 46.53363	1.5	0	0	TC	GIMEL
13.1481 46.5491	1.5	0	0	TC	PLRO
3.8445 46.5581	1.5	0	0	TC	CHLF
12.9729 46.5584	1.5	0	0	TC	ZOU2
8.318863 46.57814	1.5	0	0	TC	GRIMS
8.748279 46.59512	1.5	0	0	TC	NALPS
10.5495 46.6164	1.5	0	0	TC	MOSI
10.26355 46.62033	1.5	0	0	TC	FUORN
13.6416 46.6299	1.5	0	0	TC	MYKA
7.29096 46.63394	1.5	0	0	TC	JAUN
15.1139 46.636501	1.5	0	0	TC	PERS
7.62418 46.66487	1.5	0	0	TC	WIMIS
15.0327 46.678	1.5	0	0	TC	SOKA
25.5154 46.7059	1.5	0	0	TC	JOSR
11.3205 46.7285	1.5	0	0	TC	ABSI
12.5123 46.7474	1.5	0	0	TC	ABTA
8.15117 46.75681	1.5	0	0	TC	HASLI
5.922489 46.759014	1.5	0	0	TC	RIVEL
6.958739 46.77362	1.5	0	0	TC	TORNY
9.879519 46.7805	1.5	0	0	TC	DAVOX
6.61184 46.78233	1.5	0	0	TC	CHAMB
6.46757 46.7872	1.5	0	0	TC	BAULM
9.111708 46.82574	1.5	0	0	TC	PANIX
27.442166 46.837498	1.5	0	0	TC	NGRR
9.00825 46.84676	1.5	0	0	TC	LLS
8.424899 46.87033	1.5	0	0	TC	BNALP
17.8877 46.9001	1.5	0	0	TC	TIH
28.8127 46.9186	1.5	0	0	TC	MILM
11.4118 46.9281	1.5	0	0	TC	ROSI
6.472979 46.938	1.5	0	0	TC	BRANT
26.1029 46.9387	1.5	0	0	TC	BIZ
4.7442 46.95652	1.5	0	0	TC	PLYF
8.63706 46.96764	1.5	0	0	TC	MUO
7.3688 46.99777	1.5	0	0	TC	WOLEN
10.7291 47.0211	1.5	0	0	TC	FETA
11.7104 47.038399	1.5	0	0	TC	SCE
9.38076 47.04921	1.5	0	0	TC	PLONS
13.3447 47.0784	1.5	0	0	TC	KBA
24.3537 47.0855	1.5	0	0	TC	ARCR
8.92525 47.09837	1.5	0	0	TC	WGT
5.810501 47.104272	1.5	0	0	TC	FOURG
14.566836 47.11321	1.5	0	0	TC	SESA
7.12129 47.1609	1.5	0	0	TC	CHASS
17.5348 47.1712	1.5	0	0	TC	MPLH
11.2087 47.2205	1.5	0	0	TC	SQTA
8.012475 47.23088	1.5	0	0	TC	DAGMA
6.256064 47.246936	1.5	0	0	TC	BOUC
6.6517 47.2484	1.5	0	0	TC	CHMF
15.5232 47.2505	1.5	0	0	TC	ARSA
11.6363 47.2638	1.5	0	0	TC	WTTA
3.8589 47.2683	1.5	0	0	TC	LOR
9.8803 47.286701	1.5	0	0	TC	DAVA
9.492699 47.2946	1.5	0	0	TC	LIENZ
20.267 47.2996	1.5	0	0	TC	BSZH
7.08645 47.30266	1.5	0	0	TC	SAIRA
11.5763 47.3357	1.5	0	0	TC	WATA
7.69498 47.33578	1.5	0	0	TC	BALST
11.1037 47.3448	1.5	0	0	TC	MOTA
18.2606 47.3631	1.5	0	0	TC	CSKK
8.58088 47.36921	1.5	0	0	TC	ZUR
7.16525 47.37926	1.5	0	0	TC	MTI02
21.9007 47.3849	1.5	0	0	TC	LTVH
7.2301 47.39363	1.5	0	0	TC	BOURR
8.907529 47.41465	1.5	0	0	TC	WILA
17.3317 47.4162	1.5	0	0	TC	EGYH
12.677 47.4243	1.5	0	0	TC	LESA
8.013579 47.43757	1.5	0	0	TC	EMMET
7.92093 47.47612	1.5	0	0	TC	ROTHE
19.0201 47.4831	1.5	0	0	TC	BUD
10.7623 47.4871	1.5	0	0	TC	RETA
5.463089 47.505456	1.5	0	0	TC	FAHY
7.64884 47.50647	1.5	0	0	TC	MUTEZ
8.111869 47.52752	1.5	0	0	TC	SULZ
8.98681 47.52976	1.5	0	0	TC	WEIN2
9.336009 47.5643	1.5	0	0	TC	ROMAN
8.25474 47.58771	1.5	0	0	TC	ACB
13.0275 47.6353	1.5	0	0	TC	BGDS
25.2002 47.644	1.5	0	0	TC	BURAR
8.68161 47.6487	1.5	0	0	TC	TRULL
7.70018 47.66038	1.5	0	0	TC	HAUIG
8.86899 47.66974	1.5	0	0	TC	STEIN
10.1071 47.6799	1.5	0	0	TC	UBR
16.5567 47.6807	1.5	0	0	TC	SOP
7.254296 47.683438	1.5	0	0	TC	ILLF
22.496 47.6855	1.5	0	0	TC	CEIR
13.6383 47.6913	1.5	0	0	TC	BIOA
16.2963 47.6997	1.5	0	0	TC	RONA
6.6472 47.71069	1.5	0	0	TC	RONF
8.25262 47.71217	1.5	0	0	TC	METMA
12.87726 47.720501	1.5	0	0	TC	BHG
12.795714 47.737167	1.5	0	0	TC	RJOB
9.1231 47.7528	1.5	0	0	TC	WALHA
8.492359 47.76449	1.5	0	0	TC	SLE
12.841651 47.768345	1.5	0	0	TC	RTSA
14.2659 47.8495	1.5	0	0	TC	MOA
8.177979 47.8716	1.5	0	0	TC	BERGE
8.846759 47.89518	1.5	0	0	TC	EMING
11.22 47.91	1.5	0	0	TC	BE1
19.8934 47.9182	1.5	0	0	TC	PSZ
15.8588 47.9282	1.5	0	0	TC	CSNA
15.8618 47.9282	1.5	0	0	TC	CONA
7.27652 47.965735	1.5	0	0	TC	WALT
11.7188 47.979698	1.5	0	0	TC	MGS04
11.5171 48.0	1.5	0	0	TC	MGS05
14.132 48.055	1.5	0	0	TC	KMR
11.510058 48.067497	1.5	0	0	TC	MGS01
11.707375 48.070885	1.5	0	0	TC	MGS03
11.587935 48.077927	1.5	0	0	TC	MGS02
16.07 48.11	1.5	0	0	TC	WINA
12.6 48.12	1.5	0	0	TC	KW1
22.5391 48.1304	1.5	0	0	TC	TRPA
11.2635 48.1406	1.5	0	0	TC	GRMB
11.2795 48.142334	1.5	0	0	TC	ALFT
11.2473 48.1522	1.5	0	0	TC	BIB
11.275332 48.162769	1.5	0	0	TC	DRMY4
11.275473 48.162877	1.5	0	0	TC	DRMY1
11.2514 48.1629	1.5	0	0	TC	GELB
11.275065 48.162904	1.5	0	0	TC	FFB1
11.275476 48.162941000000004	1.5	0	0	TC	DROMY
11.27502 48.162958	1.5	0	0	TC	DRMY5
11.275561 48.162972	1.5	0	0	TC	DRMY3
11.275394 48.162975	1.5	0	0	TC	DRMY2
11.275565 48.16308	1.5	0	0	TC	DRMY6
11.2768 48.1639	1.5	0	0	TC	FUR
11.273684 48.164357	1.5	0	0	TC	FFB2
11.276289 48.164883	1.5	0	0	TC	FFB3
11.276804 48.165591	1.5	0	0	TC	DRMY7
11.288809 48.173897	1.5	0	0	TC	TON
17.1025 48.1961	1.5	0	0	TC	ZST
16.3617 48.2483	1.5	0	0	TC	VIE
21.2397 48.2961	1.5	0	0	TC	ABAH
17.277 48.373	1.5	0	0	TC	MODS
16.347 48.66	1.5	0	0	TC	UNNA
15.433272 48.670613	1.5	0	0	TC	ABNA
14.30955 48.81989	1.5	0	0	TC	CKRC
13.71 48.83	1.5	0	0	TC	GEC7
13.700627 48.844303	1.5	0	0	TC	GEC2
17.6707 48.8591	1.5	0	0	TC	JAVC
15.299556 49.029533	1.5	0	0	TC	STAC
16.3952 49.0619	1.5	0	0	TC	KRUC
13.5782 49.1309	1.5	0	0	TC	KHC
19.4678 49.1505	1.5	0	0	TC	LANS
15.4871 49.2948	1.5	0	0	TC	TREC
16.5933 49.3084	1.5	0	0	TC	VRAC
20.2996 49.4182	1.5	0	0	TC	NIE
14.1923 49.4389	1.5	0	0	TC	ZVC
22.7075 49.6314	1.5	0	0	TC	KWP
17.5425 49.7768	1.5	0	0	TC	MORC
18.1399 49.8346	1.5	0	0	TC	OKC
14.5417 49.9883	1.5	0	0	TC	PRU
14.4331 50.0703	1.5	0	0	TC	PRA
16.8341 50.0966	1.5	0	0	TC	KRLC
19.7984 50.2195	1.5	0	0	TC	OJC
16.3222 50.3502	1.5	0	0	TC	DPC
