24.0585 34.8389
24.08738 34.83914
24.7995 34.9731
24.81204 35.01777
25.4733 35.0429
26.21691 35.1147
25.3372 35.1801
26.0909 35.2021
23.6248 35.2348
25.61037 35.26134
24.89 35.288
25.18017 35.304187
25.0709 35.3058
24.4632 35.3486
23.5577 35.3692
24.1997 35.407
23.9811 35.4606
24.0428 35.5193
27.16106 35.5471
23.7577 35.5604
14.5242 35.8373
23.30117 35.86704
14.22 36.0323
22.9939 36.2447
23.0621 36.2566
25.475262999999998 36.366992
25.4056 36.4709
27.17666 36.57441
27.17817 36.60233
22.94686 36.71803
21.742 36.8955
22.136 36.9261
15.122 36.9596
14.5216 36.9926
25.52301 37.07274
15.222 37.0928
21.92522 37.17872
15.0325 37.2831
13.659995 37.328791
23.1502 37.383
14.3533 37.469
14.945 37.498
13.101908 37.516469
21.7089 37.5324
13.216 37.578
23.385876 37.578529
15.05257 37.57919
23.329567 37.612669
25.0221 37.6541
12.97673 37.66195
12.5647 37.7532
15.1345 37.7551
23.7942 37.8524
14.05785 37.93745
13.74926 37.94064
12.953452 37.946147
21.71 37.952
13.433009 37.954428
23.7845 37.9665
23.71767 37.97384
14.026023 37.990126
22.9673 38.0228
24.437 38.0321
22.15042 38.0435
23.8638 38.0473
21.46475 38.05586
20.7715 38.076
14.928733 38.083692
15.703 38.162
20.5886 38.17683
21.9785 38.2401
22.9795 38.2569
15.8939 38.2603
21.7864 38.2836
22.07272 38.36543
26.0506 38.3869
21.4073 38.4124
22.0566 38.4133
21.9209 38.5933
21.1833 38.5986
21.525 38.616
24.100138 38.633147
23.0213 38.6926
20.65779 38.78893
15.2149 38.809615
24.5482 38.8831
21.8105 38.91657
21.2135 38.9224
22.336 39.0211
8.490392 39.122956
23.8436 39.1478
16.7583 39.1794
25.8553 39.2114
20.576 39.2492
23.22189 39.30567
21.274667 39.3445
23.19178 39.36598
16.5088 39.4027
16.8158 39.48514
9.378 39.496
21.0965 39.5299
20.3299 39.5315
22.0144 39.56468
20.84874 39.65616
16.33762 39.6601
22.2325 39.711
19.79623 39.7127
20.005316 39.878303
25.18055 39.89725
23.6768 39.9363
21.36321 39.95495
15.8155 39.9938
18.4675 40.0724
22.48916 40.10333
25.8987 40.1908
15.8063 40.29722
21.78209 40.30331
23.9791 40.3325
23.44443 40.37328
21.0489 40.4147
9.4566 40.4444
25.530450000000002 40.47094
16.06124 40.52148
14.335709 40.58256
23.0996 40.5978
24.7194 40.6064
17.144 40.633
15.807 40.6458
16.70442 40.64907
26.5132 40.6708
13.8551 40.7115
13.8758 40.7209
26.153 40.7362
13.9008 40.7458
14.089047 40.778154
14.163176 40.79817
14.4242 40.8059
14.08057 40.810901
23.999200000000002 40.8178
14.438636 40.818549
14.1473 40.8187
14.4314 40.819
14.1407 40.82
14.1187 40.8211
14.4223 40.8212
23.3539 40.8217
14.1443 40.8275
14.39667 40.8275
14.1397 40.8291
14.147 40.8292
14.149329 40.829447
14.4299 40.83
14.0935 40.8329
14.4238 40.8356
14.1818 40.8382
26.046 40.885
22.401 40.957
24.513666 40.99666
14.567486 41.031206
23.595 41.10866
25.53553 41.14503
15.816928 41.158295
22.898 41.162
15.132629 41.199899
14.17989 41.200001
19.8631 41.3472
23.86517 41.34846
24.550167 41.3525
14.910201 41.513145
23.7496 41.5469
25.3396 41.6303
12.770183 41.750225
15.54308 41.75738
12.65907 41.769756
12.70222 41.81112
23.1287 41.8417
26.7437 41.847
8.763 41.9279
12.98176 41.94903
13.40057 42.02193
19.5 42.05
9.2847 42.0945
15.51 42.123
13.776334 42.22944
14.9315 42.2364
12.50993 42.23696
13.11718 42.26802
13.405 42.354
19.26083 42.42967
13.572833 42.453167
23.4255 42.4762
13.409 42.53578
18.9226 42.5465
8.9994 42.5483
12.58676 42.608486
23.2342 42.6144
21.81534 42.816477
11.90967 42.84906
25.8751 42.9287
13.6857 42.935
9.363 42.953
13.0873 43.0365
13.3352 43.0627
6.033356 43.079525
25.1732 43.1227
3.09 43.135
16.4488 43.1776
12.940570000000001 43.255
19.973146 43.261405
25.9763 43.2653
2.2175 43.3411
23.74 43.356
26.593 43.37
6.2549 43.3827
24.6207 43.387
7.8629999999999995 43.398667
28.4162 43.4059
5.3325 43.4917
17.133 43.4944
19.7005 43.5077
11.24579 43.52358
28.6057 43.5389
26.5079 43.5662
5.8067 43.5882
22.6749 43.6227
21.70579 43.635172
28.1359 43.6376
10.46937 43.640408
7.2191 43.64387
10.516896 43.65693
25.3652 43.6572
7.20276 43.6802
3.8590809999999998 43.715286
10.52495 43.72193
7.424688 43.730343
6.4074 43.7471
6.9218 43.7528
12.883011 43.768478
11.255134 43.774366
11.7893 43.7967
5.6433 43.8009
26.4941 43.8024
28.5876 43.8168
17.001111 43.8227778
7.3744 43.831
7.70267 43.84617
19.406053 43.865156999999996
15.707297 43.866017
20.715084 43.888764
7.153 43.896
12.445128 43.937695
5.1064 43.9377
5.4837 43.9412
6.045 43.951
3.221365 43.969837
7.3919 43.9749
7.5532 43.986
5.7675 43.988
15.05747 43.99191
23.345 44.0201
10.757 44.045
9.853652 44.049818
7.2366 44.0558
28.6323 44.075
11.707267 44.07746
18.9507 44.0862
19.991711 44.098236
3.9587 44.1054
6.2253 44.1093
6.7775 44.1095
8.06617 44.11217
7.617472 44.116444
10.3864 44.1594
10.153 44.166
7.05 44.184
2.1642 44.1912
27.0261 44.197
7.8399 44.2416
7.326 44.2455
9.51739 44.31625
23.7999 44.325
10.5881 44.35047
1.1953 44.3676
4.1563 44.3689
6.074 44.3703
5.549892 44.429092
28.4128 44.4581
8.9512 44.4712
26.8194 44.4739
6.811695 44.480935
10.0658 44.4913
3.451818 44.519686
24.9804 44.5281
5.069002 44.556977
23.2038 44.6609
22.6922 44.6627
27.9303 44.6893
17.1839 44.7488
2.55412 44.76055
6.539745 44.78784
15.8597222 44.8086111
6.11233 44.81517
5.096536 44.850137
28.4196 44.8565
24.9609 44.8629
11.0031 44.8658
15.623055 44.878389
4.892048 44.905697
13.750296 44.905732
6.709738 44.910273
5.88 44.9183
0.7401700000000001 44.9395
5.675 44.9422
6.401519 45.036803
3.618578 45.047528
6.678 45.052
5.80467 45.060788
5.801324 45.064487
5.806072 45.06951
10.482 45.1071
26.5432 45.1187
5.088972 45.153917
19.8098 45.1573
29.7269 45.1621
28.1362 45.178
28.8151 45.1861
6.68308 45.20865
3.247 45.232
5.7439 45.2413
4.542 45.279
1.51639 45.3044
11.673888999999999 45.361667
24.6332 45.3657
26.9747 45.3801
21.137 45.3828
2.563 45.385
22.7767 45.3933
29.289 45.4245
26.2952 45.4272
2.932 45.435
17.848056 45.436024
25.0495 45.4371
23.7698 45.446
27.8314 45.4702
6.712353 45.472393
25.945 45.4909
3.6936999999999998 45.5004
15.2518 45.504299
14.380700000000001 45.527802
14.8101 45.531101
27.8666 45.5335
27.8771 45.5373
27.7655 45.5442
14.0143 45.546397999999996
0.760999 45.573975
27.7703 45.5897
28.0498 45.5977
5.6972439999999995 45.609314
16.7544 45.6135
10.5243 45.6183
21.6401 45.6188
11.0721 45.6468
13.8013 45.6589
27.9949 45.6741
6.624517 45.688207
10.858943 45.697536
13.764 45.709
27.2311 45.723
26.685465 45.72664
14.4221 45.738098
2.483 45.749
3.111 45.763
27.0558 45.7633
14.8393 45.803299
15.4569 45.826
15.986949 45.826997
28.0808 45.8443
26.7277 45.8657
15.6275 45.867199
27.1477 45.8723
4.611435 45.878365
11.8047 45.8806
5.889317 45.881011
14.0643 45.893398
27.8487 45.8996
15.968193 45.907328
9.04171 45.92184
14.4434 45.934799
8.288 45.9358
7.11229 45.95101
1.7711 45.9568
10.9436 45.9595
25.3886 45.9675
3.621 45.97
13.6336 45.9875
12.1051 45.9922
12.4379 46.009
13.8877 46.0322
14.5278 46.0438
5.571813 46.044786
11.6497 46.04818
7.9640889999999995 46.05069
3.1310000000000002 46.052
6.75611 46.0567
6.097039 46.06018
5.973429 46.06592
25.6611 46.0749
14.2613 46.0807
7.40839 46.08105
18.0999 46.0883
14.7014 46.101601
16.455717 46.131166
8.4388 46.13512
6.97302 46.14415
12.6154 46.1495
15.4695 46.149502
24.3765 46.1497
6.220211 46.154234
7.13579 46.15632
2.200888 46.173861
5.90792 46.19107
9.16648 46.2061
18.6436 46.215
6.94038 46.21934
13.7368 46.2281
27.6436 46.2334
13.2438 46.234
6.054836 46.235876
8.019579 46.23962
12.9877 46.2408
13.5094 46.244499
12.924 46.245
7.11106 46.25053
13.2755 46.25383
12.7104 46.2601
6.066212 46.266947
12.0472 46.2829
6.12055 46.29249
14.4433 46.294102
6.07608 46.309893
12.4448 46.3116
13.9999 46.317402
13.0984 46.3195
6.682073 46.329823
26.394 46.3349
6.95295 46.34176
4.7522 46.3459
6.30842 46.346559
20.7258 46.3501
7.29938 46.36334
7.64433 46.37454
10.02309 46.41363
9.02207 46.42309
12.7419 46.4258
6.131509 46.43213
15.0246 46.4342
8.110509 46.4352
13.565 46.4428
16.250401 46.448101
6.27815 46.45175
8.6629 46.45481
12.8814 46.4569
15.5018 46.460999
11.3778 46.463
16.7755 46.4703
9.34732 46.47223
9.44956 46.48317
11.3185 46.4952
14.5489 46.5092
26.6489 46.5118
1.5912 46.5152
2.701 46.52
6.26545 46.53363
13.1481 46.5491
3.8445 46.5581
12.9729 46.5584
8.318863 46.57814
8.748279 46.59512
10.5495 46.6164
10.26355 46.62033
13.6416 46.6299
7.29096 46.63394
15.1139 46.636501
7.62418 46.66487
15.0327 46.678
25.5154 46.7059
11.3205 46.7285
12.5123 46.7474
8.15117 46.75681
5.922489 46.759014
6.958739 46.77362
9.879519 46.7805
6.61184 46.78233
6.46757 46.7872
9.111708 46.82574
27.442166 46.837498
9.00825 46.84676
8.424899 46.87033
17.8877 46.9001
28.8127 46.9186
11.4118 46.9281
6.472979 46.938
26.1029 46.9387
4.7442 46.95652
8.63706 46.96764
7.3688 46.99777
10.7291 47.0211
11.7104 47.038399
9.38076 47.04921
13.3447 47.0784
24.3537 47.0855
8.92525 47.09837
5.810501 47.104272
14.566836 47.11321
7.12129 47.1609
17.5348 47.1712
11.2087 47.2205
8.012475 47.23088
6.256064 47.246936
6.6517 47.2484
15.5232 47.2505
11.6363 47.2638
3.8589 47.2683
9.8803 47.286701
9.492699 47.2946
20.267 47.2996
7.08645 47.30266
11.5763 47.3357
7.69498 47.33578
11.1037 47.3448
18.2606 47.3631
8.58088 47.36921
7.16525 47.37926
21.9007 47.3849
7.2301 47.39363
8.907529 47.41465
17.3317 47.4162
12.677 47.4243
8.013579 47.43757
7.92093 47.47612
19.0201 47.4831
10.7623 47.4871
5.463089 47.505456
7.64884 47.50647
8.111869 47.52752
8.98681 47.52976
9.336009 47.5643
8.25474 47.58771
13.0275 47.6353
25.2002 47.644
8.68161 47.6487
7.70018 47.66038
8.86899 47.66974
10.1071 47.6799
16.5567 47.6807
7.254296 47.683438
22.496 47.6855
13.6383 47.6913
16.2963 47.6997
6.6472 47.71069
8.25262 47.71217
12.87726 47.720501
12.795714 47.737167
9.1231 47.7528
8.492359 47.76449
12.841651 47.768345
14.2659 47.8495
8.177979 47.8716
8.846759 47.89518
11.22 47.91
19.8934 47.9182
15.8588 47.9282
15.8618 47.9282
7.27652 47.965735
11.7188 47.979698
11.5171 48.0
14.132 48.055
11.510058 48.067497
11.707375 48.070885
11.587935 48.077927
16.07 48.11
12.6 48.12
22.5391 48.1304
11.2635 48.1406
11.2795 48.142334
11.2473 48.1522
11.275332 48.162769
11.275473 48.162877
11.2514 48.1629
11.275065 48.162904
11.275476 48.162941000000004
11.27502 48.162958
11.275561 48.162972
11.275394 48.162975
11.275565 48.16308
11.2768 48.1639
11.273684 48.164357
11.276289 48.164883
11.276804 48.165591
11.288809 48.173897
17.1025 48.1961
16.3617 48.2483
21.2397 48.2961
17.277 48.373
16.347 48.66
15.433272 48.670613
14.30955 48.81989
13.71 48.83
13.700627 48.844303
17.6707 48.8591
15.299556 49.029533
16.3952 49.0619
13.5782 49.1309
19.4678 49.1505
15.4871 49.2948
16.5933 49.3084
20.2996 49.4182
14.1923 49.4389
22.7075 49.6314
17.5425 49.7768
18.1399 49.8346
14.5417 49.9883
14.4331 50.0703
16.8341 50.0966
19.7984 50.2195
16.3222 50.3502
