11.569354 48.120018	1.5	0	0	TC	SYB01
11.568053 48.120553	1.5	0	0	TC	SYB02
11.565401 48.119531	1.5	0	0	TC	SYB03
7.93 46.3	1.5	0	0	TC	BIBA
7.13579 46.15633	1.5	0	0	TC	FULLY
7.02 46.2	1.5	0	0	TC	LAVEY
7.16 47.38	1.5	0	0	TC	MTIA1
7.2 47.38	1.5	0	0	TC	MTIA4
7.98 46.32	1.5	0	0	TC	SBRS
8.99 47.53	1.5	0	0	TC	WEIN
21.948052827 38.414173955	1.5	0	0	TC	MG04
17.7728 49.93433	1.5	0	0	TC	STEB
7.863 43.398667	1.5	0	0	TC	MUG01
5.801324 45.064487	1.5	0	0	TC	OGS2
7.2191 43.64387	1.5	0	0	TC	PRIMA
13.700627 48.844303	1.5	0	0	TC	GEC2X
25.24974 35.22672	1.5	0	0	TC	CRE1
25.24623 35.07685	1.5	0	0	TC	CRE3
23.93306 38.07794	1.5	0	0	TC	DION
22.791108 38.627687	1.5	0	0	TC	ELAT
23.39447 38.38777	1.5	0	0	TC	THI1
21.423543 40.802113	1.5	0	0	TC	FNA1
21.398453 40.850275	1.5	0	0	TC	FNA2
21.58431 40.834563	1.5	0	0	TC	FNA3
21.359183 40.779542	1.5	0	0	TC	FNA4
21.457443 40.724207	1.5	0	0	TC	FNA5
10.3764 46.4694	1.5	0	0	TC	BORM
15.5114 40.5573	1.5	0	0	TC	CAGG
13.216 37.578	1.5	0	0	TC	CLTB
11.8056 44.5808	1.5	0	0	TC	CMPO
15.8856 38.6068	1.5	0	0	TC	JOPP
13.176956 43.228783	1.5	0	0	TC	SSM1
19.5152 42.8505	1.5	0	0	TC	KOME
26.609 48.2073	1.5	0	0	TC	DRBR
27.408 46.0605	1.5	0	0	TC	GHRR
26.9747 45.3801	1.5	0	0	TC	GRER
24.1757 45.8099	1.5	0	0	TC	SIBR
21.663 46.2653	1.5	0	0	TC	SIRR
15.8179 38.1723	1.5	0	0	TC	GMB1
