0.710026 42.572869	1.5	0	0	TC	C125
0.753293 42.557877	1.5	0	0	TC	C126
0.622393 42.610561	1.5	0	0	TC	C127
0.7509 42.6309	1.5	0	0	TC	C128
0.7651 42.6214	1.5	0	0	TC	C129
0.841403 42.562197	1.5	0	0	TC	C130
0.715453 42.4749	1.5	0	0	TC	C131
0.65889 42.498614	1.5	0	0	TC	C132
0.6115 42.6846	1.5	0	0	TC	C133
0.720691 42.478689	1.5	0	0	TC	C137
8.7457 50.0243	1.5	0	0	TC	DREI
8.8691 50.7027	1.5	0	0	TC	EBSD
8.7298 49.7769	1.5	0	0	TC	ERNH
8.5167 49.8252	1.5	0	0	TC	GODD
8.2687 50.3926	1.5	0	0	TC	GWBC
7.9021 50.114	1.5	0	0	TC	GWBD
8.1804 50.1064	1.5	0	0	TC	GWBE
9.1752 50.7273	1.5	0	0	TC	GWBF
7.9876 49.936	1.5	0	0	TC	GWBO
8.7707 49.9035	1.5	0	0	TC	MESS
8.3977 49.8384	1.5	0	0	TC	RIED
8.8171 49.6534	1.5	0	0	TC	WBA
8.6616 49.8422	1.5	0	0	TC	WBB
8.4938 49.6228	1.5	0	0	TC	WBBU
8.65 49.87	1.5	0	0	TC	WBDA
10.1065 51.1696	1.5	0	0	TC	WBED
8.6502 50.1171	1.5	0	0	TC	WBFM
8.4227 50.5745	1.5	0	0	TC	WBFO
9.3446 50.1704	1.5	0	0	TC	WBG
9.5684 50.4571	1.5	0	0	TC	WBNH
9.89 50.7238	1.5	0	0	TC	WBRD
