11.569354 48.120018
11.568053 48.120553
11.565401 48.119531
7.93 46.3
7.02 46.2
7.16 47.38
7.2 47.38
7.98 46.32
8.99 47.53
10.3764 46.4694
11.8056 44.5808
13.176956 43.228783
24.1757 45.8099
17.7728 49.93433
15.5114 40.5573
25.24974 35.22672
25.24623 35.07685
22.791108 38.627687
23.39447 38.38777
19.5152 42.8505
15.8179 38.1723
23.93306 38.07794
21.423543 40.802113
21.398453 40.850275
21.58431 40.834563
21.359183 40.779542
21.457443 40.724207
26.609 48.2073
27.408 46.0605
21.663 46.2653
21.948053 38.414174
15.8856 38.6068
7.13579 46.15632
7.863 43.398667
5.801324 45.064487
13.700627 48.844303
26.9747 45.3801
7.2191 43.64387
13.216 37.578
