14.22 36.0323	1.5	0	0	TC	XLND
23.7496 41.5469	1.5	0	0	TC	MMB
25.3396 41.6303	1.5	0	0	TC	KDZ
24.7388 41.6942	1.5	0	0	TC	RZN
23.1287 41.8417	1.5	0	0	TC	KKB
19.5 42.05	1.5	0	0	TC	SDA
24.7475 42.1469	1.5	0	0	TC	PLD
23.4255 42.4762	1.5	0	0	TC	PLN
24.1734 42.5137	1.5	0	0	TC	PGB
18.31235 42.6007	1.5	0	0	TC	STA
23.2342 42.6144	1.5	0	0	TC	VTS1
21.81534 42.816477	1.5	0	0	TC	BARS
22.6513 42.8345	1.5	0	0	TC	TRAN
23.2793 42.857	1.5	0	0	TC	BLSH
25.1732 43.1227	1.5	0	0	TC	PVL
27.4099 43.1602	1.5	0	0	TC	PRD
25.9763 43.2653	1.5	0	0	TC	SZH
23.74 43.356	1.5	0	0	TC	MPE
16.784453 43.608877	1.5	0	0	TC	CACV
21.70579 43.635172	1.5	0	0	TC	BOVS
28.1359 43.6376	1.5	0	0	TC	PSN
17.001111 43.8227778	1.5	0	0	TC	LIVNO
15.05747 43.99191	1.5	0	0	TC	DUGI
18.9507 44.0862	1.5	0	0	TC	HAPS
15.270319 44.688436	1.5	0	0	TC	KSY
15.8597222 44.8086111	1.5	0	0	TC	BIHAC
14.751474 44.972003	1.5	0	0	TC	BSKA
17.848056 45.436024	1.5	0	0	TC	VENJ
13.501932 45.494952	1.5	0	0	TC	SAVD
15.986949 45.826997	1.5	0	0	TC	ZAGB
16.0686 46.1551	1.5	0	0	TC	LOBO
15.0246 46.4342	1.5	0	0	TC	ZALS
15.433272 48.670613	1.5	0	0	TC	ABNA
24.0318 49.8186	1.5	0	0	TC	LVV
