25.2167 47.6147
25.2175 47.6326
28.0624 44.3207
27.3351 44.6102
26.7099 45.5481
23.4969 47.6728
21.7856 47.0902
25.1805 47.633
23.5981 46.7133
22.898 45.887
26.5009 46.9551
22.416 44.881
27.8009 44.1168
21.7128 44.7815
22.9494 47.1499
28.4224 44.1779
26.2337 47.3552
27.8302 45.5007
22.1246 45.754
24.5222 46.5284
28.0467 44.5445
24.273 45.652
27.6687 45.5939
27.7911 46.6415
26.609 48.2073
27.408 46.0605
26.9747 45.3801
21.663 46.2653
28.4128 44.4581
24.3537 47.0855
24.6332 45.3657
23.345 44.0201
21.137 45.3828
27.6436 46.2334
26.1029 46.9387
25.6611 46.0749
25.2002 47.644
21.6401 45.6188
22.496 47.6855
28.1362 45.178
29.289 45.4245
27.0261 44.197
25.2172 44.1343
23.7999 44.325
25.3886 45.9675
22.7111 46.7917
28.6323 44.075
22.7767 45.3933
27.9303 44.6893
24.9804 44.5281
27.5748 47.1777
26.5432 45.1187
27.7655 45.5442
25.5154 46.7059
26.8194 44.4739
23.7698 45.446
28.5876 43.8168
23.1189 46.676
24.3765 46.1497
25.945 45.4909
26.7368 45.8165
27.8771 45.5373
26.2952 45.4272
27.4422 46.8375
25.2919 46.2969
26.394 46.3349
27.1477 45.8723
26.9768 44.9199
26.6498 45.8512
26.6498 45.8512
22.9325 44.2782
22.6922 44.6627
27.8314 45.4702
27.9949 45.6741
23.2038 44.6609
24.9609 44.8629
26.2526 44.6777
28.0498 45.5977
26.6489 46.5118
28.8151 45.1861
28.4196 44.8565
29.7269 45.1621
27.8487 45.8996
24.4038 43.9986
28.0808 45.8443
25.0495 45.4371
26.7277 45.8657
25.3652 43.6572
