20.067499 42.3666
20.7874 40.6236
20.4408 41.6847
19.892599 42.042599
19.5 42.05
20.0005 39.880001
20.0155 40.2948
19.495501 40.468601
22.675 43.6227
23.2792 42.856998
25.8751 42.9287
26.5296 42.4911
28.4162 43.4059
25.3396 41.630199
23.1287 41.841702
26.4941 43.8024
26.593 43.3701
23.7495 41.546902
23.740101 43.355999
24.1735 42.513699
24.747499 42.1469
23.4256 42.4762
24.6207 43.387
27.409901 43.160198
28.1359 43.637501
25.173201 43.1227
26.5079 43.5662
24.7388 41.694199
28.6057 43.5389
25.9762 43.265301
22.651199 42.834599
23.234301 42.614399
23.853684 42.064757
11.2795 48.142334
11.22128 47.91084
13.0275 47.6353
12.87726 47.720501
11.2473 48.1522
11.275473 48.162877
11.275394 48.162975
11.275561 48.162972
11.275332 48.162769
11.27502 48.162958
11.275565 48.16308
11.276804 48.165591
11.275476 48.162941
11.275065 48.162904
11.273684 48.164357
11.276289 48.164883
11.2514 48.1629
11.2635 48.1406
12.59719 48.12194
11.51006 48.0675
11.58795 48.07788
11.70738 48.07089
11.7191 47.97956
11.5171 48.0
12.7956 47.737338
12.84195 47.76834
11.709 47.0378
11.288809 48.173897
11.731584 47.826206
6.054836 46.235876
6.07608 46.309893
6.066212 46.266947
8.25474 47.58772
6.95295 46.34176
6.46757 46.7872
8.17798 47.87161
10.023095 46.413636
10.02309 46.41363
8.4249 46.87034
7.2301 47.39364
6.47298 46.93801
6.61184 46.78233
7.12129 47.1609
6.12055 46.29249
8.012475 47.230884
9.87952 46.7805
7.408391 46.081053
7.83223 46.21652
8.84676 47.89519
8.01358 47.43757
8.11051 46.43521
7.13579 46.15633
10.263551 46.620334
8.6629 46.45481
6.26545 46.53364
6.74125 46.51109
8.318864 46.578146
7.11106 46.25053
8.15108 46.75673
7.70018 47.66038
6.94038 46.21934
7.29096 46.63395
6.13151 46.43213
6.49025 46.66648
7.77166 46.41554
9.491773 47.294437
7.64433 46.37455
9.00825 46.84676
6.30842 46.346559
8.25262 47.71217
7.11229 45.95101
7.96409 46.0507
7.33701 47.29752
7.16525 47.37927
9.04171 45.92184
8.63706 46.96765
7.64884 47.50647
8.74828 46.595121
9.111708 46.825743
5.90792 46.19107
9.38076 47.04921
9.33601 47.5643
7.92093 47.47612
7.08645 47.30267
6.97302 46.14415
6.09704 46.06019
5.973429 46.065923
7.29938 46.36335
8.01958 46.23962
8.49236 47.7645
8.86899 47.66974
8.11187 47.52753
6.95874 46.77363
8.68161 47.6487
7.59678 46.21006
9.44956 46.48318
9.16648 46.2061
6.27815 46.45175
9.02207 46.42309
9.1231 47.7528
8.98681 47.52976
8.92525 47.09838
8.9077 47.41483
7.62418 46.66488
7.3688 46.99777
8.58088 47.36921
21.72277 38.3959
22.11135 38.26051
21.87263 38.39341
21.948052827 38.414173955
21.946234287 38.412867442
22.184228 38.321815
21.89204 38.30811
22.07272 38.36543
18.8477597 45.8542024
13.750528 44.905935
18.14687 42.66908
16.4488 43.1776
14.7513 44.972
15.707297 43.866017
16.7544 45.6135
15.467266 45.61527
14.4828 45.3251
17.6999 42.8716
15.99417 45.829442
14.3095 48.8199
16.3222 50.3502
17.6707 48.8591
13.5782 49.1309
16.8341 50.0966
16.3952 49.0619
17.8278 49.3655
17.5428 49.7766
18.14 49.8346
14.4331 50.0703
14.5417 49.9883
15.299556 49.029533
15.4871 49.2948
16.5933 49.3084
14.1928 49.4392
0.760999 45.573975
4.76974 44.37408
3.131 46.052
8.763 41.9279
5.3325 43.4917
5.8067 43.5882
6.1635 42.79483
3.451818 44.519686
4.15633 44.36892
6.045 43.951
6.256064 47.246936
1.7711 45.9568
5.6433 43.8009
6.9218 43.7528
3.111 45.763
6.860238 45.914306
3.8445 46.5581
6.6517 47.2484
3.09 43.135
2.932 45.435
3.6937 45.5004
6.963495 45.820336
2.872333 44.989278
7.1312 43.5479
6.7775 44.1095
7.3744 43.831
5.463089 47.505456
5.810501 47.104272
2.563 45.385
1.5912 46.5152
5.7439 45.2413
2.200889 46.173861
6.769854 45.899671
2.701 46.52
7.254296 47.683438
7.05 44.184
3.221365 43.969837
3.247 45.232
2.55412 44.76055
9.158 42.3337
6.919558 43.967022
6.033356 43.079525
5.7675 43.988
7.4246883 43.7303429
1.1953 44.3676
9.363 42.953
7.863 43.398667
7.153 43.896
7.20276 43.6802
7.29985 43.72633
6.220211 46.154234
5.571265 46.044516
6.539745 44.78784
5.096617 44.850189
5.549892 44.429092
5.088958 45.153892
6.712353 45.472393
5.069002 44.556977
6.2253 44.1093
4.611435 45.878365
6.709738 44.910273
6.074036 44.370302
6.68308 45.20865
5.889317 45.881011
4.7522 46.3459
5.804671 45.06079
5.801324 45.064487
5.806072 45.06951
6.400931 45.036806
6.756875 46.056477
5.697216 45.609238
6.682073 46.329823
6.11233 44.81517
7.617472 44.116444
3.621 45.97
4.743185 46.956839
5.99295 45.23429
7.2191 43.64387
3.859081 43.715286
5.922489 46.759014
6.645363 47.710204
6.624517 45.688207
5.4837 43.9412
6.6888 43.881
7.5532 43.986
5.1064 43.9377
3.618578 45.047528
2.1642 44.1912
9.2847 42.0945
7.2366 44.0558
6.601083 43.219667
6.811695 44.480935
6.30604 45.6887
3.9587 44.1054
6.4074 43.7471
7.3919 43.9749
4.892048 44.905697
6.852113 45.839405
2.483 45.749
7.27652 47.965735
4.542 45.279
23.5577 35.3692
15.80632 40.29724
16.70442 40.64907
28.4128 44.4581
11.2768 48.1639
13.700627 48.844303
13.700627 48.844303
13.713505 48.83471
10.1071 47.6799
7.263 44.8355
6.934 45.8444
7.557 43.7825
8.2372 44.2075
10.4821 44.0261
7.5681 45.6019
7.4182 44.2294
10.153 44.166
7.8399 44.2416
9.2926 44.6071
10.065 44.4904
10.588 44.3506
7.89317 43.9105
7.1339 45.4596
10.4916 43.9131
7.8082 44.0426
7.70267 43.84617
8.5455 44.5413
10.7568 44.045
7.1157 44.5065
7.1565 45.8378
8.9512 44.4711
8.0667 44.1125
8.3523 44.8493
6.79 44.921
7.2649 45.1482
7.8685 45.8754
7.3263 44.2451
7.7461 45.5122
15.273819832 40.70713985
22.8692 37.8902
23.0213 38.6926
23.7845 37.9665
22.659 38.7664
22.9795 38.2569
23.1189 37.6144
25.28869 36.72247
22.1398 38.3911
24.437 38.0321
21.9785 38.2401
22.9743 37.9879
23.4662 38.0606
24.4853 37.1609
25.4282 36.4159
22.6634 38.0357
23.3122 38.1642
24.0428 35.5193
24.0585 34.8389
24.7995 34.9731
24.4632 35.3486
23.6248 35.2348
25.18017 35.304187
22.9939 36.2447
22.136 36.9261
25.4733 35.0429
23.7577 35.5604
26.0909 35.2021
25.0221 37.6541
23.30117 35.86704
25.52301 37.07274
23.71767 37.97384
21.133032 37.890629
23.93306 38.07794
21.8105 38.91657
24.08738 34.83914
25.0709 35.3058
24.89 35.288
23.9811 35.4606
21.92522 37.17872
20.84874 39.65616
27.16106 35.5471
19.79623 39.7127
22.1504 38.0435
25.3372 35.1801
23.0621 36.2566
21.327958 37.964976
24.100138 38.633147
20.823419 37.818792
21.78209 40.30331
21.720929 37.711169
25.18055 39.89725
22.998812 38.64957
23.385876 37.578529
23.329567 37.612669
21.576086 37.058679
23.22189 39.30567
27.131 36.6106
27.17666 36.57441
25.61037 35.26134
23.86517 41.34846
20.696265 37.851123
19.40567 39.841635
21.138042 40.196088
23.44443 40.37328
24.550021 41.35245
23.8638 38.0473
25.53553 41.14503
21.46475 38.05586
25.45926 36.37052
24.81204 35.01777
24.5482 38.8831
25.53045 40.47094
21.274667 39.3445
25.475263 36.366992
22.0144 39.56468
24.1997 35.407
22.94686 36.71803
20.5886 38.17683
23.7942 37.8524
26.21691 35.1147
21.2135 38.9224
21.7089 37.5324
21.9209 38.5933
21.3763 38.1962
21.71 37.952
22.5271 38.4112
21.9058 38.4269
20.5623 38.4593
22.3423 37.9363
20.576 39.2492
20.8367 37.7095
22.9673 38.0228
21.1833 38.5986
21.4073 38.4124
21.0965 39.5299
21.525 38.616
21.742 36.8955
22.0566 38.4133
21.7864 38.2836
22.3793 37.3703
21.8116 38.4222
22.95812 39.00831
22.336 39.0211
25.39669 36.35839
26.046 40.885
25.677949 36.630012
23.8436 39.1478
26.0506 38.3869
25.20755 36.24909
25.4056 36.4709
20.5746 38.6839
20.656 38.621
21.386324 40.780935
21.3836 40.7817
21.423543 40.802113
21.398453 40.850275
21.58431 40.834563
21.359183 40.779542
21.457443 40.724207
22.401 40.957
24.247619 40.2581
23.0996 40.5978
20.3299 39.5315
20.632 38.462231
24.513666 40.99666
22.898 41.162
23.9992 40.8178
21.36321 39.95495
23.1502 37.383
22.48916 40.10333
20.65779 38.78893
21.0489 40.4147
27.17817 36.60233
23.9791 40.3325
23.6768 39.9363
20.5841 38.114
20.7715 38.076
25.8553 39.2114
23.3539 40.8217
23.595 41.10866
21.013 37.2497
24.7194 40.6064
22.9628 40.6319
25.429562 36.385841
22.2325 39.711
23.19178 39.36598
21.2397 48.2961
20.7258 46.3501
16.7757 46.4706
20.267 47.2996
19.0201 47.4831
18.3227 47.3578
18.2605 47.3631
17.3317 47.4162
18.0999 46.0883
21.9007 47.3849
18.6436 46.215
17.5348 47.1712
19.89440001 47.91840001
16.5567 47.6807
17.8878 46.9001
22.5391 48.1304
15.9427 40.7867
9.1733 41.1269
15.233 37.9712
13.75373 37.74897
16.6041 40.9071
13.602 43.55017
12.41991 43.55846
15.54308 41.75738
11.4754 42.8519
12.94153 43.49807
11.7893 43.7967
12.6587 43.0426
12.5715 43.3666
12.26801 43.33419
12.457 43.4807
12.40663 43.38211
15.068847 38.06703
10.5956 44.0628
15.132629 41.199899
9.44782 44.76792
11.374336 43.93096
10.482 45.1071
11.76657 44.22454
10.37218 46.47616
14.5938 41.5461
15.3776 40.0783
14.142049 40.820065
15.2366 41.028
11.9663 43.3292
9.842659 43.050003
13.409 42.53578
15.816928 41.158295
16.2114 39.2534
10.8652 42.7908
11.0031 44.8658
12.7556 37.67883
14.08057 40.810901
14.1747 40.8115
15.3046 40.4896
10.210652 42.746577
16.5088 39.4027
14.0183 41.5978
12.98176 41.94903
12.9046 43.0049
12.58676 42.608486
15.954618 39.528756
14.090403 40.832942
14.90502 41.65418
13.572629 37.881475
13.1954 43.37557
13.962 37.158
13.216 37.578
13.8229 37.4639
14.089047 40.778154
15.303 40.3181
14.1818 40.8382
14.163176 40.79817
14.144606 40.819016
13.3038 37.8943
14.146981 40.829224
14.11911 40.821072
14.1625 37.4075
14.155414 40.885355
11.95167 43.61888
13.00433 37.80162
10.979505555556 43.795597222222
12.883011 43.768478
14.422303 40.821151
14.139635 40.829168
14.05785 37.93745
11.29017 43.47311
14.143963 40.826469
14.149329 40.829447
11.6497 46.04818
14.053389 40.847947
9.60668 40.31802
14.9858 37.752
15.1223 37.6335
15.0865 37.7802
14.9129 37.6863
15.0018 37.7653
14.9865 37.7437
15.121 37.882
14.9041 37.7313
15.2103 37.7896
15.05257 37.57919
15.0336 37.7912
14.9029 37.9264
15.0902 37.7357
14.9979 37.7196
15.026 37.8168
14.9703 37.679
14.945 37.498
14.9498 37.8208
15.0216 37.6314
15.0168 37.7659
15.0567 37.8113
14.9857 37.7651
15.1773 37.8204
15.1885 37.6719
14.857 37.824
15.1345 37.7551
14.8152 37.747
14.9744 37.6934
14.8794 37.6181
15.0274 37.6925
14.9469 37.7731
13.58379 42.26573
13.659995 37.328791
13.0873 43.0365
16.12807 38.45271
13.11718 42.26802
11.255134 43.774366
11.1229 44.16782
14.66926 41.97351
11.15622 43.20972
12.7804 46.59658
14.5665 37.7107
14.910201 41.513145
14.026023 37.990126
13.572833 42.453167
13.25458 41.55827
16.20777 38.97983
15.8179 38.1723
13.31229 41.7945
13.3352 43.0627
15.155 37.285
15.122 36.9596
15.0325 37.2831
14.872 37.3485
14.7831 36.959
15.0372 36.7085
15.222 37.0928
14.5216 36.9926
14.7155 37.1783
14.355 38.533
13.926856 40.713953
14.5753 38.5642
13.855177 40.711512
14.9483 38.4457
13.875813 40.720887
13.9046 42.01154
13.90142 40.746797
14.724807 36.912079
15.0688 38.6435
13.943825 40.746222
14.8496 38.5546
15.2304 38.7992
15.1918 38.7866
14.961 38.4096
14.9608 38.3968
13.872129 40.75909
14.96096 38.42619
14.9482 38.3961
14.9801 38.3763
14.986 38.396
15.8856 38.6068
11.804 42.6137
12.69888 41.67778
14.928733 38.083692
12.863385 35.871622
11.707267 44.07746
13.04032 42.60286
11.26226 43.30644
12.6302 35.5183
14.1832 42.0468
12.65907 41.769756
10.514 46.05492
10.6286 45.7753
10.657926 43.273245
11.473764 43.00582
12.072507 37.968674
13.433009 37.954428
12.5647 37.7532
10.858943 45.697536
12.953452 37.946147
15.8019 40.3249
11.6765 42.77861
14.731 38.1199
15.1684 40.7826
9.716 45.76972
15.127 41.7059
17.850423 40.589408
12.92242 37.79082
12.11214 42.91263
15.55352 40.1376
14.25402 41.64188
16.441 40.6044
9.2321 45.4803
15.2313 38.2713
12.97673 37.66195
15.990414 39.890961
15.158 41.37
13.8779 41.1459
12.570071 42.80387
7.9271 45.0739
16.0067 37.9531
15.3528 38.1465
14.96815 41.1227
15.703 38.162
7.06101 45.76975
15.48892 40.7564
16.1958 41.0609
15.9096 41.712
14.5916 38.0339
15.5083 38.2639
9.51739 44.31625
12.74222 42.0228
12.75932 37.89337
15.002567 40.918446
11.4248 44.3128
15.7515 40.2663
15.69992 38.0031
14.8739 38.043
12.5246 43.263
12.580583 43.610823
10.8987 44.8873
17.0644 40.7888
15.1367 38.0278
13.11427 42.83355
13.6857 42.935
11.1724 45.3082
16.450405 40.05096
9.9307 45.4056
11.24579 43.52358
14.39667 40.8275
14.386994 41.748856
15.9602 40.9441
14.567486 41.031206
12.2386 43.6486
12.84018 43.94105
14.1148 37.8335
11.9788 36.7942
12.0405 36.7714
12.535 43.53567
14.17989 41.200001
10.52495 43.72193
16.8158 39.48514
16.4383 38.4494
9.85365177896 44.04981775414
13.71202 41.71743
10.31311 44.76374
14.81078 41.22345
13.354 46.4075
14.034938 40.761401
13.40057 42.02193
14.529 41.3641
16.06124 40.52148
11.9729 36.8121
15.807 40.6458
8.34592 44.32425
14.3624 37.2225
12.7103 41.76039
14.0568 37.6468
12.70492 41.811928
14.1524 41.70328
14.9315 42.2364
11.0721 45.6468
12.445128 43.937695
14.7057 41.3974
11.90967 42.84906
16.3459 39.8772
10.5243 45.6183
8.913604 44.867306
13.101908 37.516469
13.74926 37.94064
14.672208 36.796216
18.4675 40.0724
11.35855 44.05428
16.6886 39.0359
14.37917 41.38667
15.30738 40.56045
15.7437 41.7546
15.365 41.135
15.8675 40.1821
15.63277 40.39
15.20908 40.92542
12.94057 43.255
13.53261 38.09193
14.335709 40.58256
12.50993 42.23696
12.78225 43.43628
15.0737 37.1577
12.7104 46.2601
15.216027 38.787368
15.217123 38.795253
15.191556 38.791058
15.215261 38.802415
15.2149 38.809615
16.33762 39.6601
11.673889 45.361667
13.60393 42.62279
12.00017 42.06406
15.51 42.123
10.90265 43.11478
14.5502 41.7666
13.9138 42.8081
13.17913 38.70787
14.2342 41.4154
8.77 45.867695
14.438636 40.818549
14.429881 40.829959
14.422496 40.806289
14.414156 40.824231
14.433985 40.826595
14.431419 40.818999
11.43431 44.188961
14.630154 41.18326
12.770183 41.750225
10.6628 45.3135
11.5327 43.9545
14.383211 40.852793
14.4242 40.8059
14.475264 40.807581
15.6163 40.9549
14.4238 40.8356
13.62324 41.86965
10.9765 44.35085
15.3331 40.9298
15.3304 40.6871
15.1804 40.8969
15.7967 40.5722
15.5361 40.8755
15.176 40.9643
15.458 40.4861
15.2292 41.0785
16.41418 38.68397
17.0614 39.3884
16.830313 39.407613
15.8572 38.0032
16.8403 39.0216
16.0099 38.2673
16.56912 39.57235
16.1322 38.5264
27.736 41.129
26.7437 41.8469
26.153 40.7362
26.5132 40.6708
25.8987 40.1908
27.3275 40.7479
26.4742 40.398
27.3123 40.7172
40.7432 40.7432
27.3006 40.788
27.366 40.7954
27.2653 40.704
27.2353 40.728
27.5238 41.6308
27.1776 40.6874
27.5351 40.9893
7.737046 47.714035
7.852 48.000917
9.114723 48.070235
7.917178 47.955093
8.670929 48.153181
28.8175 46.9975
29.8723 46.5293
28.3513 48.135
18.9226 42.5465
14.483952 35.901233
14.22011 36.032335
13.405 42.354
17.1839 44.7488
6.678 45.052
15.8939 38.2603
15.8155 39.9938
19.9917 44.0981
19.2608 42.4297
9.4566 40.4444
16.7583 39.1794
19.8631 41.3472
13.764 45.709
9.34732 46.47223
14.3533 37.469
10.3864 44.1594
9.378 39.496
23.235 42.618
14.5242 35.8373
5.675 44.9422
5.672365 44.941426
5.653199 44.95068
5.67059 44.939439
5.666084 44.938438
13.8013 45.6589
12.924 46.245
12.5005 46.0266
12.7419 46.4258
13.2755 46.25383
12.5123 46.7474
15.5232 47.2505
13.6383 47.6913
15.8618 47.9282
15.8588 47.9282
9.8803 47.2867
10.7291 47.0211
13.3447 47.0784
14.1317 48.0551
12.677 47.4243
14.2659 47.8495
11.1037 47.3448
13.6416 46.6299
14.5489 46.5092
10.7623 47.4871
16.2963 47.6997
14.5668 47.1132
15.0327 46.678
11.2087 47.2205
16.3461 48.6602
16.3617 48.2483
11.5763 47.3357
16.0731 48.1074
11.6363 47.2638
17.517326 40.648402
17.144 40.633
15.335283 41.514596
17.2846 40.5259
13.5137 46.548
12.0472 46.2829
13.2438 46.234
10.8187 45.683
13.0984 46.3195
12.4379 46.009
12.4448 46.3116
12.8814 46.4569
13.645 46.1733
13.0011 46.4142
11.2099 45.6378
12.6154 46.1495
12.9877 46.2408
13.1481 46.5491
13.565 46.4428
13.6336 45.9875
12.1051 45.9922
22.7075 49.6314
20.2996 49.4182
19.7984 50.2195
6.2549 43.3827
0.74017 44.9395
3.8589 47.2683
2.2175 43.3411
5.88 44.9183
8.9994 42.5483
1.51639 45.3044
13.1386 46.275
27.3351 44.6102
24.3537 47.0855
24.6332 45.3657
23.345 44.0201
21.137 45.3828
27.6436 46.2334
26.7099 45.5481
26.1029 46.9387
23.4969 47.6728
21.7856 47.0902
25.6611 46.0749
25.2002 47.644
21.6401 45.6188
22.496 47.6855
28.1362 45.178
29.289 45.4245
27.0261 44.197
23.5981 46.7133
25.2172 44.1343
23.7999 44.325
28.0624 44.3207
22.898 45.887
25.3886 45.9675
26.609 48.2073
22.7111 46.7917
28.6323 44.075
27.408 46.0605
26.5009 46.9551
26.9747 45.3801
22.7767 45.3933
27.9303 44.6893
22.416 44.881
24.9804 44.5281
27.5748 47.1777
27.8009 44.1168
26.5432 45.1187
27.7655 45.5442
25.5154 46.7059
26.8194 44.4739
28.2467 46.4733
23.7698 45.446
28.5876 43.8168
23.1189 46.676
24.3765 46.1497
21.7128 44.7815
22.9494 47.1499
28.4224 44.1779
28.8127 46.9186
25.945 45.4909
26.7368 45.8165
27.8771 45.5373
26.2952 45.4272
27.4422 46.8375
25.2919 46.2969
26.394 46.3349
27.1477 45.8723
26.9768 44.9199
26.6498 45.8512
26.6498 45.8512
26.2337 47.3552
22.9325 44.2782
22.6922 44.6627
27.8302 45.5007
27.8314 45.4702
27.9949 45.6741
21.663 46.2653
23.2038 44.6609
24.9609 44.8629
26.2526 44.6777
22.1246 45.754
28.0498 45.5977
26.6489 46.5118
24.5222 46.5284
28.0467 44.5445
28.8151 45.1861
24.273 45.652
28.4196 44.8565
29.7269 45.1621
27.6687 45.5939
27.8487 45.8996
27.7911 46.6415
24.4038 43.9986
28.0808 45.8443
25.0495 45.4371
26.7277 45.8657
25.3652 43.6572
11.3205 46.7285
11.3185 46.4952
11.3778 46.463
10.9436 45.9595
10.5495 46.6164
11.4118 46.9281
19.406053 43.865157
19.8098 45.1573
20.715084 43.888764
19.973146 43.261405
22.2731 48.9333
19.4678 49.1505
17.277 48.373
20.2339 49.1894
18.8361 48.494
17.1025 48.1961
15.2518 45.5043
13.7368 46.2281
14.4221 45.7381
15.4569 45.826
14.2613 46.0807
15.4695 46.1495
14.4434 45.9348
14.8101 45.5311
15.6275 45.8672
15.6245 46.0108
13.9999 46.3174
15.5018 46.461
14.0643 45.8934
14.3807 45.5278
16.2504 46.4481
15.3177 45.9488
14.5278 46.0438
14.4433 46.2941
14.9977 46.0612
15.1139 46.6365
13.5094 46.2445
14.0143 45.5464
14.8393 45.8033
14.7014 46.1016
13.8877 46.0322
15.0246 46.4342
11.1884 45.8808
10.9587 46.0835
11.67894 42.868614
8.490392 39.122956
23.0203 48.338
25.06453 48.31369
23.512356 48.512074
24.16632 48.02602
24.5014 48.7106
13.444468 43.608845
10.504497 43.631413
10.516896 43.65693
10.46937 43.640408
