28.4128 44.3781	1.5	0	1	TC	TIRR
27.3351 44.5302	1.5	0	1	TC	AMRR
24.3537 47.005500000000005	1.5	0	1	TC	ARCR
24.6332 45.2857	1.5	0	1	TC	ARR
23.345 43.9401	1.5	0	1	TC	BAIL
21.137 45.302800000000005	1.5	0	1	TC	BANR
27.6436 46.153400000000005	1.5	0	1	TC	BIR
26.7099 45.4681	1.5	0	1	TC	BISRR
26.1029 46.8587	1.5	0	1	TC	BIZ
23.4969 47.592800000000004	1.5	0	1	TC	BMR
21.7856 47.010200000000005	1.5	0	1	TC	BORR
25.6611 45.9949	1.5	0	1	TC	BOSR
25.2167 47.5347	1.5	0	1	TC	BUR01
25.2175 47.5526	1.5	0	1	TC	BUR05
25.1805 47.553000000000004	1.5	0	1	TC	BUR32
25.2002 47.564	1.5	0	1	TC	BURAR
21.6401 45.5388	1.5	0	1	TC	BZS
22.496 47.6055	1.5	0	1	TC	CEIR
28.1362 45.098	1.5	0	1	TC	CFR
29.289 45.344500000000004	1.5	0	1	TC	CHLR
27.0261 44.117000000000004	1.5	0	1	TC	CICN
23.5981 46.6333	1.5	0	1	TC	CJR
25.2172 44.054300000000005	1.5	0	1	TC	COPA
23.7999 44.245000000000005	1.5	0	1	TC	CRAR
28.0624 44.240700000000004	1.5	0	1	TC	CVD1
22.898 45.807	1.5	0	1	TC	DEV
25.3886 45.8875	1.5	0	1	TC	DOPR
26.609 48.1273	1.5	0	1	TC	DRBR
22.7111 46.7117	1.5	0	1	TC	DRGR
28.6323 43.995000000000005	1.5	0	1	TC	EFOR
27.408 45.9805	1.5	0	1	TC	GHRR
26.5009 46.8751	1.5	0	1	TC	GIRR
26.9747 45.3001	1.5	0	1	TC	GRER
22.7767 45.313300000000005	1.5	0	1	TC	GZR
27.9303 44.609300000000005	1.5	0	1	TC	HARR
22.416 44.801	1.5	0	1	TC	HERR
24.9804 44.448100000000004	1.5	0	1	TC	HUMR
27.5748 47.0977	1.5	0	1	TC	IASR
27.8009 44.0368	1.5	0	1	TC	ICOR
26.5432 45.0387	1.5	0	1	TC	ISR
27.7655 45.4642	1.5	0	1	TC	IZVR
25.5154 46.6259	1.5	0	1	TC	JOSR
26.8194 44.3939	1.5	0	1	TC	LEHL
23.7698 45.366	1.5	0	1	TC	LOT
28.5876 43.7368	1.5	0	1	TC	MANR
23.1189 46.596000000000004	1.5	0	1	TC	MARR
24.3765 46.069700000000005	1.5	0	1	TC	MDB
21.7128 44.7015	1.5	0	1	TC	MDVR
22.9494 47.069900000000004	1.5	0	1	TC	MESR
28.4224 44.0979	1.5	0	1	TC	MFTR
25.945 45.410900000000005	1.5	0	1	TC	MLR
26.7368 45.7365	1.5	0	1	TC	NARR
27.8771 45.457300000000004	1.5	0	1	TC	NEGRR
26.2952 45.3472	1.5	0	1	TC	NEHR
27.4422 46.7575	1.5	0	1	TC	NGRR
25.2919 46.2169	1.5	0	1	TC	ODSR
26.394 46.2549	1.5	0	1	TC	ONER
27.1477 45.792300000000004	1.5	0	1	TC	PANC
26.9768 44.8399	1.5	0	1	TC	PGOR
26.6498 45.7712	1.5	0	1	TC	PLOR
26.6498 45.7712	1.5	0	1	TC	PLOR4
26.2337 47.275200000000005	1.5	0	1	TC	PRAR
22.9325 44.1982	1.5	0	1	TC	PUNG
22.6922 44.5827	1.5	0	1	TC	RMGR
27.8302 45.420700000000004	1.5	0	1	TC	SCHL
27.8314 45.3902	1.5	0	1	TC	SCHLR
27.9949 45.594100000000005	1.5	0	1	TC	SCTR
21.663 46.185300000000005	1.5	0	1	TC	SIRR
23.2038 44.5809	1.5	0	1	TC	SRE
24.9609 44.782900000000005	1.5	0	1	TC	STFAR
26.2526 44.5977	1.5	0	1	TC	SULR
22.1246 45.674	1.5	0	1	TC	SURR
28.0498 45.517700000000005	1.5	0	1	TC	TATR
26.6489 46.4318	1.5	0	1	TC	TESR
24.5222 46.4484	1.5	0	1	TC	TGMR
28.0467 44.4645	1.5	0	1	TC	TLBR
28.8151 45.106100000000005	1.5	0	1	TC	TLCR
24.273 45.572	1.5	0	1	TC	TNR
28.4196 44.7765	1.5	0	1	TC	TPGR
29.7269 45.082100000000004	1.5	0	1	TC	TSSL
27.6687 45.5139	1.5	0	1	TC	TUDR
27.8487 45.8196	1.5	0	1	TC	VARL
27.7911 46.5615	1.5	0	1	TC	VASR
24.4038 43.918600000000005	1.5	0	1	TC	VLAD
28.0808 45.7643	1.5	0	1	TC	VLDR
25.0495 45.3571	1.5	0	1	TC	VOIR
26.7277 45.7857	1.5	0	1	TC	VRI
25.3652 43.577200000000005	1.5	0	1	TC	ZIMR
