20.067499 42.3666 0.0 40 40
20.7874 40.6236 0.0 40 40
20.4408 41.6847 0.0 40 40
19.892599 42.042599 0.0 40 40
20.0005 39.880001 0.0 40 40
19.495501 40.468601 0.0 40 40
5.6778 50.797 0.0 40 40
3.897923 50.35617 0.0 40 40
4.5946 50.095 0.0 40 40
6.00517 50.35356 0.0 40 40
3.843 50.7114 0.0 40 40
6.0067 50.6092 0.0 40 40
5.084967 51.2131 0.0 40 40
5.086246 51.213453 0.0 40 40
4.76813 50.30235 0.0 40 40
5.2276 50.155899 0.0 40 40
4.52229 50.604626 0.0 40 40
4.36 50.797 0.0 40 40
-1.219999 51.31 0.0 40 40
7.336364 50.204875 0.0 40 40
7.175092 50.962917 0.0 40 40
6.23006997 50.66202 0.0 40 40
6.678694 50.292009 0.0 40 40
7.332682 50.982739 0.0 40 40
7.731439 50.424118 0.0 40 40
7.860825 50.195101 0.0 40 40
22.675 43.6227 0.0 40 40
23.2792 42.856998 0.0 40 40
25.8751 42.9287 0.0 40 40
26.5296 42.4911 0.0 40 40
28.4162 43.4059 0.0 40 40
25.3396 41.630199 0.0 40 40
23.1287 41.841702 0.0 40 40
26.4941 43.8024 0.0 40 40
26.593 43.3701 0.0 40 40
23.7495 41.546902 0.0 40 40
23.740101 43.355999 0.0 40 40
24.1735 42.513699 0.0 40 40
24.747499 42.1469 0.0 40 40
23.4256 42.4762 0.0 40 40
24.6207 43.387 0.0 40 40
27.409901 43.160198 0.0 40 40
28.1359 43.637501 0.0 40 40
25.173201 43.1227 0.0 40 40
26.5079 43.5662 0.0 40 40
24.7388 41.694199 0.0 40 40
28.6057 43.5389 0.0 40 40
25.9762 43.265301 0.0 40 40
22.651199 42.834599 0.0 40 40
23.234301 42.614399 0.0 40 40
23.853684 42.064757 0.0 40 40
11.2795 48.142334 0.0 40 40
11.22128 47.91084 0.0 40 40
13.0275 47.6353 0.0 40 40
12.87726 47.720501 0.0 40 40
11.2473 48.1522 0.0 40 40
11.275473 48.162877 0.0 40 40
11.275394 48.162975 0.0 40 40
11.275561 48.162972 0.0 40 40
11.275332 48.162769 0.0 40 40
11.27502 48.162958 0.0 40 40
11.275565 48.16308 0.0 40 40
11.276804 48.165591 0.0 40 40
11.275476 48.162941 0.0 40 40
11.275065 48.162904 0.0 40 40
11.273684 48.164357 0.0 40 40
11.276289 48.164883 0.0 40 40
11.2514 48.1629 0.0 40 40
11.2635 48.1406 0.0 40 40
12.59719 48.12194 0.0 40 40
12.185856 50.182812 0.0 40 40
12.1083 49.986198 0.0 40 40
11.51006 48.0675 0.0 40 40
11.58795 48.07788 0.0 40 40
11.70738 48.07089 0.0 40 40
11.7191 47.97956 0.0 40 40
11.5171 48.0 0.0 40 40
12.7956 47.737338 0.0 40 40
12.207 49.766899 0.0 40 40
12.84195 47.76834 0.0 40 40
11.709 47.0378 0.0 40 40
11.288809 48.173897 0.0 40 40
10.558995 48.705232 0.0 40 40
11.731584 47.826206 0.0 40 40
6.054836 46.235876 0.0 40 40
6.07608 46.309893 0.0 40 40
6.066212 46.266947 0.0 40 40
1.533754 42.434492 0.0 40 40
0.818132 42.707643 0.0 40 40
0.750608 41.881578 0.0 40 40
2.675797 42.255629 0.0 40 40
2.1803 42.2855 0.0 40 40
0.8263 40.7044 0.0 40 40
2.904141 41.882875 0.0 40 40
1.254049 42.598651 0.0 40 40
0.6614 40.5604 0.0 40 40
2.434581 41.761185 0.0 40 40
1.913703 41.293309 0.0 40 40
1.972973 42.478105 0.0 40 40
0.313875 40.72568 0.0 40 40
1.3573 40.7141 0.0 40 40
1.316531 42.229088 0.0 40 40
2.048795 41.972401 0.0 40 40
3.16244 42.310533 0.0 40 40
1.1339 42.375599 0.0 40 40
0.7736 42.3242 0.0 40 40
2.125 41.4164 0.0 40 40
2.1189 41.3844 0.0 40 40
1.0847 41.3793 0.0 40 40
1.752517 41.182117 0.0 40 40
8.25474 47.58772 0.0 40 40
6.95295 46.34176 0.0 40 40
6.46757 46.7872 0.0 40 40
8.17798 47.87161 0.0 40 40
10.023095 46.413636 0.0 40 40
10.02309 46.41363 0.0 40 40
8.4249 46.87034 0.0 40 40
7.2301 47.39364 0.0 40 40
6.47298 46.93801 0.0 40 40
6.61184 46.78233 0.0 40 40
7.12129 47.1609 0.0 40 40
6.12055 46.29249 0.0 40 40
8.012475 47.230884 0.0 40 40
9.87952 46.7805 0.0 40 40
7.408391 46.081053 0.0 40 40
7.83223 46.21652 0.0 40 40
8.84676 47.89519 0.0 40 40
8.01358 47.43757 0.0 40 40
8.11051 46.43521 0.0 40 40
7.13579 46.15633 0.0 40 40
10.263551 46.620334 0.0 40 40
8.6629 46.45481 0.0 40 40
6.26545 46.53364 0.0 40 40
6.74125 46.51109 0.0 40 40
8.318864 46.578146 0.0 40 40
7.11106 46.25053 0.0 40 40
8.15108 46.75673 0.0 40 40
7.70018 47.66038 0.0 40 40
6.94038 46.21934 0.0 40 40
7.29096 46.63395 0.0 40 40
6.13151 46.43213 0.0 40 40
6.49025 46.66648 0.0 40 40
7.77166 46.41554 0.0 40 40
9.491773 47.294437 0.0 40 40
7.64433 46.37455 0.0 40 40
9.00825 46.84676 0.0 40 40
6.30842 46.346559 0.0 40 40
8.25262 47.71217 0.0 40 40
7.11229 45.95101 0.0 40 40
7.96409 46.0507 0.0 40 40
7.33701 47.29752 0.0 40 40
7.16525 47.37927 0.0 40 40
9.04171 45.92184 0.0 40 40
8.63706 46.96765 0.0 40 40
7.64884 47.50647 0.0 40 40
8.74828 46.595121 0.0 40 40
9.111708 46.825743 0.0 40 40
5.90792 46.19107 0.0 40 40
9.38076 47.04921 0.0 40 40
9.33601 47.5643 0.0 40 40
7.92093 47.47612 0.0 40 40
7.08645 47.30267 0.0 40 40
6.97302 46.14415 0.0 40 40
6.09704 46.06019 0.0 40 40
5.973429 46.065923 0.0 40 40
7.29938 46.36335 0.0 40 40
8.01958 46.23962 0.0 40 40
8.49236 47.7645 0.0 40 40
8.86899 47.66974 0.0 40 40
8.11187 47.52753 0.0 40 40
6.95874 46.77363 0.0 40 40
8.68161 47.6487 0.0 40 40
7.59678 46.21006 0.0 40 40
9.44956 46.48318 0.0 40 40
9.16648 46.2061 0.0 40 40
6.27815 46.45175 0.0 40 40
9.02207 46.42309 0.0 40 40
9.1231 47.7528 0.0 40 40
8.98681 47.52976 0.0 40 40
8.92525 47.09838 0.0 40 40
8.9077 47.41483 0.0 40 40
7.62418 46.66488 0.0 40 40
7.3688 46.99777 0.0 40 40
8.58088 47.36921 0.0 40 40
21.72277 38.3959 0.0 40 40
22.11135 38.26051 0.0 40 40
21.87263 38.39341 0.0 40 40
21.948052827 38.414173955 0.0 40 40
21.946234287 38.412867442 0.0 40 40
22.184228 38.321815 0.0 40 40
21.89204 38.30811 0.0 40 40
22.07272 38.36543 0.0 40 40
32.335 35.018 0.0 40 40
32.59941 35.15594 0.0 40 40
32.863 34.671 0.0 40 40
33.248 34.786 0.0 40 40
33.396 35.141 0.0 40 40
33.96605 35.064933 0.0 40 40
33.632 35.016 0.0 40 40
32.5699 34.7789 0.0 40 40
31.2768 33.5 0.0 40 40
32.2669 33.0749 0.0 40 40
34.04 34.994 0.0 40 40
32.86606 34.94717 0.0 40 40
33.049287 35.014019 0.0 40 40
13.750528 44.905935 0.0 40 40
18.14687 42.66908 0.0 40 40
16.4488 43.1776 0.0 40 40
15.707297 43.866017 0.0 40 40
16.7544 45.6135 0.0 40 40
15.467266 45.61527 0.0 40 40
14.4828 45.3251 0.0 40 40
17.6999 42.8716 0.0 40 40
15.99417 45.829442 0.0 40 40
16.0863 50.63 0.0 40 40
15.1698 50.7893 0.0 40 40
16.0547 50.5881 0.0 40 40
14.3095 48.8199 0.0 40 40
16.3222 50.3502 0.0 40 40
13.4317 50.6072 0.0 40 40
17.6707 48.8591 0.0 40 40
13.5782 49.1309 0.0 40 40
16.8341 50.0966 0.0 40 40
16.3952 49.0619 0.0 40 40
17.8278 49.3655 0.0 40 40
17.5428 49.7766 0.0 40 40
12.4479 50.2331 0.0 40 40
18.14 49.8346 0.0 40 40
16.2156 50.5565 0.0 40 40
14.4331 50.0703 0.0 40 40
12.6782 49.6693 0.0 40 40
14.5417 49.9883 0.0 40 40
14.5689 50.5282 0.0 40 40
14.0978 50.5439 0.0 40 40
14.1357 50.5678 0.0 40 40
15.299556 49.029533 0.0 40 40
15.4871 49.2948 0.0 40 40
16.0121 50.5074 0.0 40 40
16.5933 49.3084 0.0 40 40
14.1928 49.4392 0.0 40 40
0.6561 36.037 0.0 40 40
0.49394 40.820167 0.0 40 40
2.510075 42.143052 0.0 40 40
7.92429 48.89357 0.0 40 40
7.716819 48.515992 0.0 40 40
7.88278 48.92126 0.0 40 40
0.760999 45.573975 0.0 40 40
4.76974 44.37408 0.0 40 40
3.131 46.052 0.0 40 40
8.763 41.9279 0.0 40 40
5.3325 43.4917 0.0 40 40
5.8067 43.5882 0.0 40 40
6.1635 42.79483 0.0 40 40
-0.7007 43.0858 0.0 40 40
3.451818 44.519686 0.0 40 40
4.15633 44.36892 0.0 40 40
3.312 49.566 0.0 40 40
-1.614326 49.374499 0.0 40 40
5.227764 49.241717 0.0 40 40
6.045 43.951 0.0 40 40
-0.20308 42.94454 0.0 40 40
6.256064 47.246936 0.0 40 40
-1.638081 47.160519 0.0 40 40
1.7711 45.9568 0.0 40 40
0.982288 46.804442 0.0 40 40
5.6433 43.8009 0.0 40 40
6.9218 43.7528 0.0 40 40
2.1046 42.7149 0.0 40 40
3.111 45.763 0.0 40 40
6.860238 45.914306 0.0 40 40
-0.40767 46.13346 0.0 40 40
3.8445 46.5581 0.0 40 40
6.6517 47.2484 0.0 40 40
7.363752 48.832627 0.0 40 40
3.09 43.135 0.0 40 40
1.389217 48.549 0.0 40 40
2.26 48.0258 0.0 40 40
-0.195658 45.522645 0.0 40 40
2.932 45.435 0.0 40 40
3.6937 45.5004 0.0 40 40
6.963495 45.820336 0.0 40 40
0.7292 43.721 0.0 40 40
-0.649783 47.134922 0.0 40 40
1.614804 47.643773 0.0 40 40
2.3558 48.8445 0.0 40 40
-0.352634 47.66027 0.0 40 40
4.595 50.0958 0.0 40 40
1.809 43.025 0.0 40 40
7.1312 43.5479 0.0 40 40
6.7775 44.1095 0.0 40 40
7.3744 43.831 0.0 40 40
5.463089 47.505456 0.0 40 40
2.4171 42.5602 0.0 40 40
2.1064 42.9031 0.0 40 40
5.810501 47.104272 0.0 40 40
2.563 45.385 0.0 40 40
1.5912 46.5152 0.0 40 40
1.5723 42.8233 0.0 40 40
0.197751 47.407581 0.0 40 40
0.328908 46.104732 0.0 40 40
0.738604 49.01702 0.0 40 40
5.7439 45.2413 0.0 40 40
2.200889 46.173861 0.0 40 40
1.943945 49.304748 0.0 40 40
2.24139 50.70492 0.0 40 40
7.484304 48.658742 0.0 40 40
6.769854 45.899671 0.0 40 40
2.701 46.52 0.0 40 40
7.254296 47.683438 0.0 40 40
-1.037053 43.033533 0.0 40 40
7.05 44.184 0.0 40 40
0.0727 43.0459 0.0 40 40
3.221365 43.969837 0.0 40 40
1.309 43.235 0.0 40 40
3.247 45.232 0.0 40 40
7.758909 49.033895 0.0 40 40
2.55412 44.76055 0.0 40 40
-1.405616 46.457244 0.0 40 40
-1.285974 48.676406 0.0 40 40
-0.31 44.9478 0.0 40 40
5.922544 48.827746 0.0 40 40
9.158 42.3337 0.0 40 40
0.7575 42.8717 0.0 40 40
1.948057 49.898363 0.0 40 40
6.919558 43.967022 0.0 40 40
6.033356 43.079525 0.0 40 40
1.0947 42.9578 0.0 40 40
5.7675 43.988 0.0 40 40
-0.127342 43.828328 0.0 40 40
4.391931 47.930663 0.0 40 40
7.4246883 43.7303429 0.0 40 40
1.1953 44.3676 0.0 40 40
9.363 42.953 0.0 40 40
-0.845851 48.27218 0.0 40 40
7.863 43.398667 0.0 40 40
7.153 43.896 0.0 40 40
8.104039 48.955972 0.0 40 40
6.025492 49.325863 0.0 40 40
7.20276 43.6802 0.0 40 40
6.220211 46.154234 0.0 40 40
5.571265 46.044516 0.0 40 40
6.539745 44.78784 0.0 40 40
5.096617 44.850189 0.0 40 40
5.549892 44.429092 0.0 40 40
5.088958 45.153892 0.0 40 40
6.712353 45.472393 0.0 40 40
5.069002 44.556977 0.0 40 40
6.2253 44.1093 0.0 40 40
4.611435 45.878365 0.0 40 40
6.709738 44.910273 0.0 40 40
6.074036 44.370302 0.0 40 40
6.68308 45.20865 0.0 40 40
5.889317 45.881011 0.0 40 40
4.7522 46.3459 0.0 40 40
5.804671 45.06079 0.0 40 40
5.801324 45.064487 0.0 40 40
5.806072 45.06951 0.0 40 40
6.400931 45.036806 0.0 40 40
6.756875 46.056477 0.0 40 40
5.697216 45.609238 0.0 40 40
6.682073 46.329823 0.0 40 40
6.11233 44.81517 0.0 40 40
-0.9372 43.2119 0.0 40 40
-1.2615 43.2558 0.0 40 40
1.5461 42.5237 0.0 40 40
7.617472 44.116444 0.0 40 40
3.621 45.97 0.0 40 40
4.743185 46.956839 0.0 40 40
5.99295 45.23429 0.0 40 40
7.2191 43.64387 0.0 40 40
-1.7495 43.3775 0.0 40 40
-0.04925 43.0969 0.0 40 40
0.3379 42.807 0.0 40 40
3.859081 43.715286 0.0 40 40
-0.3933 43.0683 0.0 40 40
-1.3135 47.5065 0.0 40 40
5.922489 46.759014 0.0 40 40
6.645363 47.710204 0.0 40 40
6.624517 45.688207 0.0 40 40
0.021 44.382 0.0 40 40
5.4837 43.9412 0.0 40 40
1.1883 42.759 0.0 40 40
6.6888 43.881 0.0 40 40
7.5532 43.986 0.0 40 40
5.1064 43.9377 0.0 40 40
-1.4111 46.0467 0.0 40 40
3.618578 45.047528 0.0 40 40
2.8762 42.4835 0.0 40 40
2.1642 44.1912 0.0 40 40
9.2847 42.0945 0.0 40 40
0.053324 48.298814 0.0 40 40
7.2366 44.0558 0.0 40 40
2.204226 47.381387 0.0 40 40
-1.108844 49.045121 0.0 40 40
7.7633 48.5799 0.0 40 40
6.601083 43.219667 0.0 40 40
6.811695 44.480935 0.0 40 40
7.863045 48.932541 0.0 40 40
6.30604 45.6887 0.0 40 40
-1.113118 43.678743 0.0 40 40
3.9587 44.1054 0.0 40 40
6.4074 43.7471 0.0 40 40
0.45684 47.7494 0.0 40 40
7.3919 43.9749 0.0 40 40
-0.5931 43.4383 0.0 40 40
4.892048 44.905697 0.0 40 40
2.040357 42.387612 0.0 40 40
6.852113 45.839405 0.0 40 40
0.516 49.744 0.0 40 40
2.483 45.749 0.0 40 40
0.0229 42.8825 0.0 40 40
4.086 49.122 0.0 40 40
7.12266 48.966744 0.0 40 40
7.27652 47.965735 0.0 40 40
7.3536 48.412675 0.0 40 40
6.619516 48.40714 0.0 40 40
7.631582 48.302306 0.0 40 40
7.158961 48.216313 0.0 40 40
4.542 45.279 0.0 40 40
-0.26517 51.188 0.0 40 40
0.9895 52.09333 0.0 40 40
1.13483 51.14817 0.0 40 40
-0.22433 51.14517 0.0 40 40
-0.22 51.144 0.0 40 40
0.33633 50.86733 0.0 40 40
-0.20917 51.17583 0.0 40 40
-0.26817 51.14767 0.0 40 40
-0.221 51.1445 0.0 40 40
-1.80033 51.51317 0.0 40 40
33.331 34.9611 0.0 40 40
11.2655 51.6819 0.0 40 40
11.2372 52.3306 0.0 40 40
7.7592 52.3063 0.0 40 40
23.5577 35.3692 0.0 40 40
15.80632 40.29724 0.0 40 40
16.70442 40.64907 0.0 40 40
13.78 52.4759 0.0 40 40
9.195 48.7719 0.0 40 40
28.4128 44.4581 0.0 40 40
6.1526 49.6646 0.0 40 40
12.32901 50.25793 0.0 40 40
7.076 50.541 0.0 40 40
10.673773 52.128318 0.0 40 40
8.33 48.33 0.0 40 40
13.9436 50.8733 0.0 40 40
7.2707 51.4412 0.0 40 40
13.00238 51.30803 0.0 40 40
10.3741 51.8429 0.0 40 40
8.264846111 49.05542432 0.0 40 40
11.2768 48.1639 0.0 40 40
13.700627 48.844303 0.0 40 40
13.700627 48.844303 0.0 40 40
13.713505 48.83471 0.0 40 40
11.22172 49.691888 0.0 40 40
11.359444 49.655208 0.0 40 40
11.318695 49.762204 0.0 40 40
11.435871 49.565403 0.0 40 40
11.651953 49.391348 0.0 40 40
11.669966 49.270925 0.0 40 40
11.805983 49.343542 0.0 40 40
11.560846 49.468937 0.0 40 40
11.676733 49.112131 0.0 40 40
11.52135 48.996168 0.0 40 40
11.375543 48.867567 0.0 40 40
11.585822 48.890174 0.0 40 40
11.526272 49.086746 0.0 40 40
9.96417 51.54639 0.0 40 40
8.416204 51.20272 0.0 40 40
8.699 52.2966 0.0 40 40
9.2923 49.8284 0.0 40 40
11.6161 50.6461 0.0 40 40
8.1848 49.2192 0.0 40 40
8.4489 50.2236 0.0 40 40
10.00098 50.81877 0.0 40 40
10.1071 47.6799 0.0 40 40
12.8803 49.1448 0.0 40 40
7.263 44.8355 0.0 40 40
6.934 45.8444 0.0 40 40
7.557 43.7825 0.0 40 40
8.2372 44.2075 0.0 40 40
10.4821 44.0261 0.0 40 40
7.5681 45.6019 0.0 40 40
7.4182 44.2294 0.0 40 40
10.153 44.166 0.0 40 40
7.8399 44.2416 0.0 40 40
9.2926 44.6071 0.0 40 40
10.065 44.4904 0.0 40 40
10.588 44.3506 0.0 40 40
7.89317 43.9105 0.0 40 40
7.1339 45.4596 0.0 40 40
10.4916 43.9131 0.0 40 40
7.8082 44.0426 0.0 40 40
7.70267 43.84617 0.0 40 40
8.5455 44.5413 0.0 40 40
10.7568 44.045 0.0 40 40
7.1157 44.5065 0.0 40 40
7.1565 45.8378 0.0 40 40
8.9512 44.4711 0.0 40 40
8.0667 44.1125 0.0 40 40
8.3523 44.8493 0.0 40 40
6.79 44.921 0.0 40 40
7.2649 45.1482 0.0 40 40
7.8685 45.8754 0.0 40 40
7.3263 44.2451 0.0 40 40
7.7461 45.5122 0.0 40 40
15.273819832 40.70713985 0.0 40 40
22.8692 37.8902 0.0 40 40
23.0213 38.6926 0.0 40 40
23.7845 37.9665 0.0 40 40
22.659 38.7664 0.0 40 40
22.9795 38.2569 0.0 40 40
23.1189 37.6144 0.0 40 40
22.1398 38.3911 0.0 40 40
24.437 38.0321 0.0 40 40
21.9785 38.2401 0.0 40 40
22.9743 37.9879 0.0 40 40
23.4662 38.0606 0.0 40 40
24.4853 37.1609 0.0 40 40
25.4282 36.4159 0.0 40 40
22.6634 38.0357 0.0 40 40
23.3122 38.1642 0.0 40 40
24.0428 35.5193 0.0 40 40
24.0585 34.8389 0.0 40 40
24.7995 34.9731 0.0 40 40
24.4632 35.3486 0.0 40 40
23.6248 35.2348 0.0 40 40
25.18017 35.304187 0.0 40 40
27.281 36.881 0.0 40 40
22.9939 36.2447 0.0 40 40
22.136 36.9261 0.0 40 40
25.4733 35.0429 0.0 40 40
23.7577 35.5604 0.0 40 40
26.0909 35.2021 0.0 40 40
25.0221 37.6541 0.0 40 40
23.30117 35.86704 0.0 40 40
25.52301 37.07274 0.0 40 40
23.71767 37.97384 0.0 40 40
21.133032 37.890629 0.0 40 40
23.93306 38.07794 0.0 40 40
21.8105 38.91657 0.0 40 40
24.08738 34.83914 0.0 40 40
25.0709 35.3058 0.0 40 40
24.89 35.288 0.0 40 40
23.9811 35.4606 0.0 40 40
21.92522 37.17872 0.0 40 40
20.84874 39.65616 0.0 40 40
27.16106 35.5471 0.0 40 40
19.79623 39.7127 0.0 40 40
22.1504 38.0435 0.0 40 40
29.58561 36.15031 0.0 40 40
25.3372 35.1801 0.0 40 40
23.0621 36.2566 0.0 40 40
21.327958 37.964976 0.0 40 40
24.100138 38.633147 0.0 40 40
20.823419 37.818792 0.0 40 40
21.78209 40.30331 0.0 40 40
21.720929 37.711169 0.0 40 40
25.18055 39.89725 0.0 40 40
22.998812 38.64957 0.0 40 40
23.385876 37.578529 0.0 40 40
23.329567 37.612669 0.0 40 40
21.576086 37.058679 0.0 40 40
23.22189 39.30567 0.0 40 40
27.131 36.6106 0.0 40 40
27.17666 36.57441 0.0 40 40
25.61037 35.26134 0.0 40 40
23.86517 41.34846 0.0 40 40
20.696265 37.851123 0.0 40 40
19.40567 39.841635 0.0 40 40
21.138042 40.196088 0.0 40 40
23.44443 40.37328 0.0 40 40
24.550021 41.35245 0.0 40 40
26.26499 39.24565 0.0 40 40
23.8638 38.0473 0.0 40 40
25.53553 41.14503 0.0 40 40
21.46475 38.05586 0.0 40 40
25.45926 36.37052 0.0 40 40
24.81204 35.01777 0.0 40 40
24.5482 38.8831 0.0 40 40
26.83772 37.70426 0.0 40 40
25.53045 40.47094 0.0 40 40
21.274667 39.3445 0.0 40 40
25.475263 36.366992 0.0 40 40
22.0144 39.56468 0.0 40 40
24.1997 35.407 0.0 40 40
22.94686 36.71803 0.0 40 40
20.5886 38.17683 0.0 40 40
23.7942 37.8524 0.0 40 40
26.21691 35.1147 0.0 40 40
21.2135 38.9224 0.0 40 40
21.7089 37.5324 0.0 40 40
21.9209 38.5933 0.0 40 40
21.3763 38.1962 0.0 40 40
21.71 37.952 0.0 40 40
22.5271 38.4112 0.0 40 40
21.9058 38.4269 0.0 40 40
20.5623 38.4593 0.0 40 40
22.3423 37.9363 0.0 40 40
20.576 39.2492 0.0 40 40
20.8367 37.7095 0.0 40 40
22.9673 38.0228 0.0 40 40
21.1833 38.5986 0.0 40 40
21.4073 38.4124 0.0 40 40
21.0965 39.5299 0.0 40 40
21.525 38.616 0.0 40 40
21.742 36.8955 0.0 40 40
22.0566 38.4133 0.0 40 40
21.7864 38.2836 0.0 40 40
22.3793 37.3703 0.0 40 40
21.8116 38.4222 0.0 40 40
8.3977 49.8384 0.0 40 40
8.8171 49.6534 0.0 40 40
22.95812 39.00831 0.0 40 40
22.336 39.0211 0.0 40 40
25.39669 36.35839 0.0 40 40
26.046 40.885 0.0 40 40
26.313032 39.05743 0.0 40 40
23.8436 39.1478 0.0 40 40
26.0506 38.3869 0.0 40 40
25.4056 36.4709 0.0 40 40
20.5746 38.6839 0.0 40 40
20.656 38.621 0.0 40 40
21.386324 40.780935 0.0 40 40
21.3836 40.7817 0.0 40 40
21.423543 40.802113 0.0 40 40
21.398453 40.850275 0.0 40 40
21.58431 40.834563 0.0 40 40
21.359183 40.779542 0.0 40 40
21.457443 40.724207 0.0 40 40
22.401 40.957 0.0 40 40
24.247619 40.2581 0.0 40 40
23.0996 40.5978 0.0 40 40
20.3299 39.5315 0.0 40 40
20.632 38.462231 0.0 40 40
24.513666 40.99666 0.0 40 40
22.898 41.162 0.0 40 40
23.9992 40.8178 0.0 40 40
21.36321 39.95495 0.0 40 40
23.1502 37.383 0.0 40 40
22.48916 40.10333 0.0 40 40
20.65779 38.78893 0.0 40 40
21.0489 40.4147 0.0 40 40
27.17817 36.60233 0.0 40 40
23.9791 40.3325 0.0 40 40
23.6768 39.9363 0.0 40 40
20.5841 38.114 0.0 40 40
20.7715 38.076 0.0 40 40
25.8553 39.2114 0.0 40 40
23.3539 40.8217 0.0 40 40
23.595 41.10866 0.0 40 40
21.013 37.2497 0.0 40 40
24.7194 40.6064 0.0 40 40
22.9628 40.6319 0.0 40 40
25.429562 36.385841 0.0 40 40
22.2325 39.711 0.0 40 40
23.19178 39.36598 0.0 40 40
21.2397 48.2961 0.0 40 40
20.7258 46.3501 0.0 40 40
16.7757 46.4706 0.0 40 40
20.267 47.2996 0.0 40 40
19.0201 47.4831 0.0 40 40
18.2605 47.3631 0.0 40 40
17.3317 47.4162 0.0 40 40
18.0999 46.0883 0.0 40 40
21.9007 47.3849 0.0 40 40
18.6436 46.215 0.0 40 40
17.5348 47.1712 0.0 40 40
19.89440001 47.91840001 0.0 40 40
16.5567 47.6807 0.0 40 40
17.8878 46.9001 0.0 40 40
22.5391 48.1304 0.0 40 40
15.9427 40.7867 0.0 40 40
9.1733 41.1269 0.0 40 40
15.233 37.9712 0.0 40 40
13.75373 37.74897 0.0 40 40
16.6041 40.9071 0.0 40 40
13.602 43.55017 0.0 40 40
12.41991 43.55846 0.0 40 40
15.54308 41.75738 0.0 40 40
11.4754 42.8519 0.0 40 40
12.94153 43.49807 0.0 40 40
11.7893 43.7967 0.0 40 40
12.6587 43.0426 0.0 40 40
12.5715 43.3666 0.0 40 40
12.26801 43.33419 0.0 40 40
12.457 43.4807 0.0 40 40
12.40663 43.38211 0.0 40 40
15.068847 38.06703 0.0 40 40
10.5956 44.0628 0.0 40 40
15.132629 41.199899 0.0 40 40
9.44782 44.76792 0.0 40 40
11.374336 43.93096 0.0 40 40
10.482 45.1071 0.0 40 40
11.76657 44.22454 0.0 40 40
10.37218 46.47616 0.0 40 40
14.5938 41.5461 0.0 40 40
15.3776 40.0783 0.0 40 40
14.142049 40.820065 0.0 40 40
15.2366 41.028 0.0 40 40
11.9663 43.3292 0.0 40 40
9.842659 43.050003 0.0 40 40
13.409 42.53578 0.0 40 40
15.816928 41.158295 0.0 40 40
16.2114 39.2534 0.0 40 40
10.8652 42.7908 0.0 40 40
11.0031 44.8658 0.0 40 40
12.7556 37.67883 0.0 40 40
14.08057 40.810901 0.0 40 40
14.1747 40.8115 0.0 40 40
15.3046 40.4896 0.0 40 40
10.210652 42.746577 0.0 40 40
16.5088 39.4027 0.0 40 40
14.0183 41.5978 0.0 40 40
12.98176 41.94903 0.0 40 40
12.9046 43.0049 0.0 40 40
12.58676 42.608486 0.0 40 40
15.954618 39.528756 0.0 40 40
14.090403 40.832942 0.0 40 40
14.90502 41.65418 0.0 40 40
13.572629 37.881475 0.0 40 40
13.1954 43.37557 0.0 40 40
13.962 37.158 0.0 40 40
13.216 37.578 0.0 40 40
13.8229 37.4639 0.0 40 40
14.089047 40.778154 0.0 40 40
15.303 40.3181 0.0 40 40
14.1818 40.8382 0.0 40 40
14.163176 40.79817 0.0 40 40
14.144606 40.819016 0.0 40 40
13.3038 37.8943 0.0 40 40
14.146981 40.829224 0.0 40 40
14.11911 40.821072 0.0 40 40
14.1625 37.4075 0.0 40 40
14.155414 40.885355 0.0 40 40
11.95167 43.61888 0.0 40 40
13.00433 37.80162 0.0 40 40
10.979505555556 43.795597222222 0.0 40 40
12.883011 43.768478 0.0 40 40
14.422303 40.821151 0.0 40 40
14.139635 40.829168 0.0 40 40
14.05785 37.93745 0.0 40 40
11.29017 43.47311 0.0 40 40
14.143963 40.826469 0.0 40 40
14.149329 40.829447 0.0 40 40
11.6497 46.04818 0.0 40 40
14.053389 40.847947 0.0 40 40
9.60668 40.31802 0.0 40 40
14.9858 37.752 0.0 40 40
15.1223 37.6335 0.0 40 40
15.0865 37.7802 0.0 40 40
14.9129 37.6863 0.0 40 40
15.0018 37.7653 0.0 40 40
14.9865 37.7437 0.0 40 40
15.121 37.882 0.0 40 40
14.9041 37.7313 0.0 40 40
15.2103 37.7896 0.0 40 40
15.05257 37.57919 0.0 40 40
15.0336 37.7912 0.0 40 40
14.9029 37.9264 0.0 40 40
15.0902 37.7357 0.0 40 40
14.9979 37.7196 0.0 40 40
15.026 37.8168 0.0 40 40
14.9703 37.679 0.0 40 40
14.945 37.498 0.0 40 40
14.9498 37.8208 0.0 40 40
15.0216 37.6314 0.0 40 40
15.0168 37.7659 0.0 40 40
15.0567 37.8113 0.0 40 40
14.9857 37.7651 0.0 40 40
15.1773 37.8204 0.0 40 40
15.1885 37.6719 0.0 40 40
14.857 37.824 0.0 40 40
15.1345 37.7551 0.0 40 40
14.8152 37.747 0.0 40 40
14.9744 37.6934 0.0 40 40
14.8794 37.6181 0.0 40 40
15.0274 37.6925 0.0 40 40
14.9469 37.7731 0.0 40 40
13.58379 42.26573 0.0 40 40
13.659995 37.328791 0.0 40 40
13.0873 43.0365 0.0 40 40
16.12807 38.45271 0.0 40 40
13.11718 42.26802 0.0 40 40
11.255134 43.774366 0.0 40 40
11.1229 44.16782 0.0 40 40
11.15622 43.20972 0.0 40 40
12.7804 46.59658 0.0 40 40
14.5665 37.7107 0.0 40 40
14.910201 41.513145 0.0 40 40
14.026023 37.990126 0.0 40 40
13.572833 42.453167 0.0 40 40
13.25458 41.55827 0.0 40 40
16.20777 38.97983 0.0 40 40
15.8179 38.1723 0.0 40 40
13.31229 41.7945 0.0 40 40
13.3352 43.0627 0.0 40 40
15.155 37.285 0.0 40 40
15.122 36.9596 0.0 40 40
15.0325 37.2831 0.0 40 40
14.872 37.3485 0.0 40 40
14.7831 36.959 0.0 40 40
15.0372 36.7085 0.0 40 40
15.222 37.0928 0.0 40 40
14.5216 36.9926 0.0 40 40
14.7155 37.1783 0.0 40 40
14.355 38.533 0.0 40 40
13.926856 40.713953 0.0 40 40
14.5753 38.5642 0.0 40 40
13.855177 40.711512 0.0 40 40
14.9483 38.4457 0.0 40 40
13.875813 40.720887 0.0 40 40
13.9046 42.01154 0.0 40 40
13.90142 40.746797 0.0 40 40
14.724807 36.912079 0.0 40 40
15.0688 38.6435 0.0 40 40
13.943825 40.746222 0.0 40 40
14.8496 38.5546 0.0 40 40
15.2304 38.7992 0.0 40 40
15.1918 38.7866 0.0 40 40
14.961 38.4096 0.0 40 40
14.9608 38.3968 0.0 40 40
13.872129 40.75909 0.0 40 40
14.9482 38.3961 0.0 40 40
14.9801 38.3763 0.0 40 40
14.986 38.396 0.0 40 40
15.8856 38.6068 0.0 40 40
11.804 42.6137 0.0 40 40
12.69888 41.67778 0.0 40 40
14.928733 38.083692 0.0 40 40
12.863385 35.871622 0.0 40 40
11.707267 44.07746 0.0 40 40
13.04032 42.60286 0.0 40 40
11.26226 43.30644 0.0 40 40
12.6302 35.5183 0.0 40 40
14.1832 42.0468 0.0 40 40
12.65907 41.769756 0.0 40 40
10.514 46.05492 0.0 40 40
10.6286 45.7753 0.0 40 40
10.657926 43.273245 0.0 40 40
13.433009 37.954428 0.0 40 40
12.5647 37.7532 0.0 40 40
10.858943 45.697536 0.0 40 40
12.953452 37.946147 0.0 40 40
15.8019 40.3249 0.0 40 40
11.6765 42.77861 0.0 40 40
14.731 38.1199 0.0 40 40
15.1684 40.7826 0.0 40 40
9.716 45.76972 0.0 40 40
15.127 41.7059 0.0 40 40
17.850423 40.589408 0.0 40 40
12.92242 37.79082 0.0 40 40
12.11214 42.91263 0.0 40 40
15.55352 40.1376 0.0 40 40
14.25402 41.64188 0.0 40 40
16.441 40.6044 0.0 40 40
9.2321 45.4803 0.0 40 40
15.2313 38.2713 0.0 40 40
12.97673 37.66195 0.0 40 40
15.990414 39.890961 0.0 40 40
15.158 41.37 0.0 40 40
13.8779 41.1459 0.0 40 40
12.570071 42.80387 0.0 40 40
7.9271 45.0739 0.0 40 40
16.0067 37.9531 0.0 40 40
15.3528 38.1465 0.0 40 40
14.96815 41.1227 0.0 40 40
15.703 38.162 0.0 40 40
7.06101 45.76975 0.0 40 40
15.48892 40.7564 0.0 40 40
16.1958 41.0609 0.0 40 40
15.9096 41.712 0.0 40 40
14.5916 38.0339 0.0 40 40
15.5083 38.2639 0.0 40 40
9.51739 44.31625 0.0 40 40
12.74222 42.0228 0.0 40 40
12.75932 37.89337 0.0 40 40
11.4248 44.3128 0.0 40 40
15.7515 40.2663 0.0 40 40
15.69992 38.0031 0.0 40 40
14.8739 38.043 0.0 40 40
12.5246 43.263 0.0 40 40
12.580583 43.610823 0.0 40 40
10.8987 44.8873 0.0 40 40
17.0644 40.7888 0.0 40 40
15.1367 38.0278 0.0 40 40
13.11427 42.83355 0.0 40 40
13.6857 42.935 0.0 40 40
11.1724 45.3082 0.0 40 40
16.450405 40.05096 0.0 40 40
9.9307 45.4056 0.0 40 40
11.24579 43.52358 0.0 40 40
14.39667 40.8275 0.0 40 40
14.386994 41.748856 0.0 40 40
15.9602 40.9441 0.0 40 40
14.567486 41.031206 0.0 40 40
12.2386 43.6486 0.0 40 40
12.84018 43.94105 0.0 40 40
14.1148 37.8335 0.0 40 40
11.9788 36.7942 0.0 40 40
12.0405 36.7714 0.0 40 40
12.535 43.53567 0.0 40 40
14.17989 41.200001 0.0 40 40
10.52495 43.72193 0.0 40 40
16.8158 39.48514 0.0 40 40
16.4383 38.4494 0.0 40 40
9.85365177896 44.04981775414 0.0 40 40
13.71202 41.71743 0.0 40 40
10.31311 44.76374 0.0 40 40
14.81078 41.22345 0.0 40 40
13.354 46.4075 0.0 40 40
14.034938 40.761401 0.0 40 40
13.40057 42.02193 0.0 40 40
14.529 41.3641 0.0 40 40
16.06124 40.52148 0.0 40 40
11.9729 36.8121 0.0 40 40
15.807 40.6458 0.0 40 40
8.34592 44.32425 0.0 40 40
14.3624 37.2225 0.0 40 40
12.7103 41.76039 0.0 40 40
14.0568 37.6468 0.0 40 40
12.70492 41.811928 0.0 40 40
14.1524 41.70328 0.0 40 40
14.9315 42.2364 0.0 40 40
11.0721 45.6468 0.0 40 40
12.445128 43.937695 0.0 40 40
14.7057 41.3974 0.0 40 40
11.90967 42.84906 0.0 40 40
16.3459 39.8772 0.0 40 40
10.5243 45.6183 0.0 40 40
8.913604 44.867306 0.0 40 40
13.101908 37.516469 0.0 40 40
13.74926 37.94064 0.0 40 40
14.672208 36.796216 0.0 40 40
18.4675 40.0724 0.0 40 40
11.35855 44.05428 0.0 40 40
16.6886 39.0359 0.0 40 40
14.37917 41.38667 0.0 40 40
15.30738 40.56045 0.0 40 40
15.7437 41.7546 0.0 40 40
15.365 41.135 0.0 40 40
15.8675 40.1821 0.0 40 40
15.63277 40.39 0.0 40 40
15.20908 40.92542 0.0 40 40
12.94057 43.255 0.0 40 40
13.53261 38.09193 0.0 40 40
14.335709 40.58256 0.0 40 40
12.50993 42.23696 0.0 40 40
12.78225 43.43628 0.0 40 40
15.0737 37.1577 0.0 40 40
12.7104 46.2601 0.0 40 40
15.216027 38.787368 0.0 40 40
15.217123 38.795253 0.0 40 40
15.191556 38.791058 0.0 40 40
15.215261 38.802415 0.0 40 40
15.2149 38.809615 0.0 40 40
16.33762 39.6601 0.0 40 40
11.673889 45.361667 0.0 40 40
13.60393 42.62279 0.0 40 40
12.00017 42.06406 0.0 40 40
15.51 42.123 0.0 40 40
10.90265 43.11478 0.0 40 40
14.5502 41.7666 0.0 40 40
13.9138 42.8081 0.0 40 40
13.17913 38.70787 0.0 40 40
14.2342 41.4154 0.0 40 40
8.77 45.867695 0.0 40 40
14.438636 40.818549 0.0 40 40
14.429881 40.829959 0.0 40 40
14.422496 40.806289 0.0 40 40
14.414156 40.824231 0.0 40 40
14.433985 40.826595 0.0 40 40
14.431419 40.818999 0.0 40 40
11.43431 44.188961 0.0 40 40
14.630154 41.18326 0.0 40 40
12.770183 41.750225 0.0 40 40
10.6628 45.3135 0.0 40 40
11.5327 43.9545 0.0 40 40
14.383211 40.852793 0.0 40 40
14.4242 40.8059 0.0 40 40
14.475264 40.807581 0.0 40 40
15.6163 40.9549 0.0 40 40
14.4238 40.8356 0.0 40 40
13.62324 41.86965 0.0 40 40
10.9765 44.35085 0.0 40 40
15.3331 40.9298 0.0 40 40
15.3304 40.6871 0.0 40 40
15.1804 40.8969 0.0 40 40
15.7967 40.5722 0.0 40 40
15.5361 40.8755 0.0 40 40
15.176 40.9643 0.0 40 40
15.458 40.4861 0.0 40 40
15.2292 41.0785 0.0 40 40
16.41418 38.68397 0.0 40 40
17.0614 39.3884 0.0 40 40
16.830313 39.407613 0.0 40 40
15.8572 38.0032 0.0 40 40
16.8403 39.0216 0.0 40 40
16.0099 38.2673 0.0 40 40
16.56912 39.57235 0.0 40 40
16.1322 38.5264 0.0 40 40
29.7383 40.4332 0.0 40 40
33.0707 39.4468 0.0 40 40
33.4662 35.0117 0.0 40 40
27.8129 38.8785 0.0 40 40
32.0327 36.557 0.0 40 40
30.6538 36.8998 0.0 40 40
29.30178 37.47178 0.0 40 40
28.866 40.5683 0.0 40 40
27.8908 37.9467 0.0 40 40
27.879999 39.639999 0.0 40 40
30.5877 37.461 0.0 40 40
28.773 41.181 0.0 40 40
27.042 38.3853 0.0 40 40
31.095 38.7946 0.0 40 40
27.3103 37.0622 0.0 40 40
31.5148 40.7175 0.0 40 40
32.9763 36.1069 0.0 40 40
33.6197 40.6062 0.0 40 40
29.8377 40.2018 0.0 40 40
26.2997 38.3306 0.0 40 40
32.8902 38.5823 0.0 40 40
27.736 41.129 0.0 40 40
28.5072 41.2373 0.0 40 40
28.2897 41.476 0.0 40 40
28.6532 36.8162 0.0 40 40
27.5767 36.7308 0.0 40 40
27.6602 36.7584 0.0 40 40
29.9056 36.2365 0.0 40 40
27.2398 37.3767 0.0 40 40
26.9053 39.071301 0.0 40 40
28.6267 39.6041 0.0 40 40
27.8618 40.3465 0.0 40 40
26.7437 41.8469 0.0 40 40
29.908501 36.748299 0.0 40 40
26.153 40.7362 0.0 40 40
26.5132 40.6708 0.0 40 40
30.8492 39.5212 0.0 40 40
26.3247 39.8255 0.0 40 40
29.0968 36.6903 0.0 40 40
29.0835 36.6353 0.0 40 40
26.7309 38.7131 0.0 40 40
25.8987 40.1908 0.0 40 40
27.3275 40.7479 0.0 40 40
29.4105 39.0445 0.0 40 40
26.4742 40.398 0.0 40 40
29.2116 40.4646 0.0 40 40
26.8747 38.0764 0.0 40 40
27.9175 38.7077 0.0 40 40
27.686 40.0466 0.0 40 40
30.3167 40.285 0.0 40 40
26.1329 39.4552 0.0 40 40
30.5156 40.432 0.0 40 40
32.486 36.964 0.0 40 40
29.673 40.801 0.0 40 40
33.0974 35.2916 0.0 40 40
33.6845 36.2367 0.0 40 40
29.0592 41.0657 0.0 40 40
29.4728 40.3368 0.0 40 40
33.712442 39.369178 0.0 40 40
29.06 41.0638 0.0 40 40
28.3353 40.2627 0.0 40 40
31.443 41.3132 0.0 40 40
30.5559 36.6037 0.0 40 40
29.5286 38.3232 0.0 40 40
31.716333 38.880783 0.0 40 40
29.042 41.253 0.0 40 40
32.3605 37.9453 0.0 40 40
27.2977 40.3932 0.0 40 40
26.5537 38.5936 0.0 40 40
28.6607 38.5145 0.0 40 40
33.0023 39.0343 0.0 40 40
32.743 41.8456 0.0 40 40
27.2815 37.86 0.0 40 40
32.3648 38.2 0.0 40 40
26.7593 40.3703 0.0 40 40
32.8433 35.1118 0.0 40 40
33.5337 35.2832 0.0 40 40
32.6962 36.6021 0.0 40 40
32.764 39.8893 0.0 40 40
33.8714 35.1696 0.0 40 40
28.8847 40.371 0.0 40 40
31.197701 40.471199 0.0 40 40
27.7767 37.2953 0.0 40 40
31.4161 36.7935 0.0 40 40
27.5832 40.609 0.0 40 40
28.8914 40.0452 0.0 40 40
29.7 40.601 0.0 40 40
27.5238 41.6308 0.0 40 40
32.1677 39.7005 0.0 40 40
27.1776 40.6874 0.0 40 40
31.793603 40.724281 0.0 40 40
32.6872 41.2398 0.0 40 40
30.3272 40.7402 0.0 40 40
30.9175 38.4396 0.0 40 40
33.564 38.9463 0.0 40 40
29.222 39.0231 0.0 40 40
30.551 38.553 0.0 40 40
29.643 41.153 0.0 40 40
28.9825 39.0833 0.0 40 40
33.9465 36.3926 0.0 40 40
28.21 41.23 0.0 40 40
28.9805 39.1005 0.0 40 40
33.5157 38.1988 0.0 40 40
30.9997 37.4765 0.0 40 40
31.523 39.447 0.0 40 40
29.4615 39.4497 0.0 40 40
30.903237 40.904077 0.0 40 40
32.982256 40.767664 0.0 40 40
27.0726 39.6113 0.0 40 40
33.8115 38.9387 0.0 40 40
28.2858 37.1362 0.0 40 40
33.7432 37.7825 0.0 40 40
27.2801 37.1246 0.0 40 40
29.3708 40.5658 0.0 40 40
-0.517495 42.763652 0.0 40 40
8.192142 48.718795 0.0 40 40
9.35181 48.448628 0.0 40 40
9.712715 48.607601 0.0 40 40
7.737046 47.714035 0.0 40 40
7.99383 50.35633 0.0 40 40
7.852 48.000917 0.0 40 40
9.13667 48.2357 0.0 40 40
8.781 48.786 0.0 40 40
7.43375 50.54466 0.0 40 40
9.114723 48.070235 0.0 40 40
7.917178 47.955093 0.0 40 40
7.1007 50.3608 0.0 40 40
7.241 50.375728 0.0 40 40
7.69069 49.06566 0.0 40 40
8.670929 48.153181 0.0 40 40
9.604429 49.347583 0.0 40 40
28.8175 46.9975 0.0 40 40
29.8723 46.5293 0.0 40 40
28.3513 48.135 0.0 40 40
18.9226 42.5465 0.0 40 40
14.483952 35.901233 0.0 40 40
14.22011 36.032335 0.0 40 40
13.405 42.354 0.0 40 40
17.1839 44.7488 0.0 40 40
6.678 45.052 0.0 40 40
15.8939 38.2603 0.0 40 40
15.8155 39.9938 0.0 40 40
19.9917 44.0981 0.0 40 40
30.5093 37.8433 0.0 40 40
19.2608 42.4297 0.0 40 40
9.4566 40.4444 0.0 40 40
16.7583 39.1794 0.0 40 40
19.8631 41.3472 0.0 40 40
13.764 45.709 0.0 40 40
9.34732 46.47223 0.0 40 40
14.3533 37.469 0.0 40 40
10.3864 44.1594 0.0 40 40
9.378 39.496 0.0 40 40
23.235 42.618 0.0 40 40
14.5242 35.8373 0.0 40 40
5.675 44.9422 0.0 40 40
5.672365 44.941426 0.0 40 40
5.653199 44.95068 0.0 40 40
5.67059 44.939439 0.0 40 40
5.666084 44.938438 0.0 40 40
13.8013 45.6589 0.0 40 40
12.924 46.245 0.0 40 40
12.5005 46.0266 0.0 40 40
12.7419 46.4258 0.0 40 40
13.2755 46.25383 0.0 40 40
6.1942 51.5013 0.0 40 40
5.9268 50.9708 0.0 40 40
5.814136 50.791068 0.0 40 40
5.1767 52.1017 0.0 40 40
5.7846 51.1687 0.0 40 40
5.9317 50.764 0.0 40 40
6.1678 51.1879 0.0 40 40
5.9727 50.8 0.0 40 40
5.8121 51.5888 0.0 40 40
6.08469 50.86939 0.0 40 40
5.906114 50.756763 0.0 40 40
5.7847 50.8669 0.0 40 40
6.7989 51.9663 0.0 40 40
5.814481 52.100298 0.0 40 40
5.17098 52.08746 0.0 40 40
4.135261 51.852794 0.0 40 40
4.379424 52.157393 0.0 40 40
5.125063 51.866661 0.0 40 40
4.920919 51.504246 0.0 40 40
12.5123 46.7474 0.0 40 40
15.5232 47.2505 0.0 40 40
13.6383 47.6913 0.0 40 40
15.8618 47.9282 0.0 40 40
15.8588 47.9282 0.0 40 40
9.8803 47.2867 0.0 40 40
10.7291 47.0211 0.0 40 40
13.3447 47.0784 0.0 40 40
14.1317 48.0551 0.0 40 40
12.677 47.4243 0.0 40 40
14.2659 47.8495 0.0 40 40
11.1037 47.3448 0.0 40 40
13.6416 46.6299 0.0 40 40
14.5489 46.5092 0.0 40 40
10.7623 47.4871 0.0 40 40
16.2963 47.6997 0.0 40 40
14.5668 47.1132 0.0 40 40
15.0327 46.678 0.0 40 40
11.2087 47.2205 0.0 40 40
16.3461 48.6602 0.0 40 40
16.3617 48.2483 0.0 40 40
11.5763 47.3357 0.0 40 40
16.0731 48.1074 0.0 40 40
11.6363 47.2638 0.0 40 40
17.517326 40.648402 0.0 40 40
17.144 40.633 0.0 40 40
15.335283 41.514596 0.0 40 40
17.2846 40.5259 0.0 40 40
13.5137 46.548 0.0 40 40
12.0472 46.2829 0.0 40 40
13.2438 46.234 0.0 40 40
10.8187 45.683 0.0 40 40
13.0984 46.3195 0.0 40 40
12.4379 46.009 0.0 40 40
12.4448 46.3116 0.0 40 40
12.8814 46.4569 0.0 40 40
13.645 46.1733 0.0 40 40
13.0011 46.4142 0.0 40 40
11.2099 45.6378 0.0 40 40
12.6154 46.1495 0.0 40 40
12.9877 46.2408 0.0 40 40
13.1481 46.5491 0.0 40 40
13.565 46.4428 0.0 40 40
13.6336 45.9875 0.0 40 40
12.1051 45.9922 0.0 40 40
20.7888 51.8355 0.0 40 40
16.2931 50.8428 0.0 40 40
22.7075 49.6314 0.0 40 40
20.2996 49.4182 0.0 40 40
19.7984 50.2195 0.0 40 40
0.34 43.0308 0.0 40 40
6.0382 48.2622 0.0 40 40
-0.55917 42.89861 0.0 40 40
6.2549 43.3827 0.0 40 40
0.74017 44.9395 0.0 40 40
3.8589 47.2683 0.0 40 40
-0.1458 46.6022 0.0 40 40
2.2175 43.3411 0.0 40 40
5.88 44.9183 0.0 40 40
8.9994 42.5483 0.0 40 40
1.51639 45.3044 0.0 40 40
3.2736 48.3364 0.0 40 40
5.1241 48.6152 0.0 40 40
13.1386 46.275 0.0 40 40
7.122 51.738 0.0 40 40
7.72634 51.65777 0.0 40 40
27.3351 44.6102 0.0 40 40
24.3537 47.0855 0.0 40 40
24.6332 45.3657 0.0 40 40
23.345 44.0201 0.0 40 40
21.137 45.3828 0.0 40 40
27.6436 46.2334 0.0 40 40
26.7099 45.5481 0.0 40 40
26.1029 46.9387 0.0 40 40
23.4969 47.6728 0.0 40 40
21.7856 47.0902 0.0 40 40
25.6611 46.0749 0.0 40 40
25.2002 47.644 0.0 40 40
21.6401 45.6188 0.0 40 40
22.496 47.6855 0.0 40 40
28.1362 45.178 0.0 40 40
29.289 45.4245 0.0 40 40
27.0261 44.197 0.0 40 40
23.5981 46.7133 0.0 40 40
25.2172 44.1343 0.0 40 40
23.7999 44.325 0.0 40 40
28.0624 44.3207 0.0 40 40
22.898 45.887 0.0 40 40
25.3886 45.9675 0.0 40 40
26.609 48.2073 0.0 40 40
22.7111 46.7917 0.0 40 40
28.6323 44.075 0.0 40 40
27.408 46.0605 0.0 40 40
26.5009 46.9551 0.0 40 40
26.9747 45.3801 0.0 40 40
22.7767 45.3933 0.0 40 40
27.9303 44.6893 0.0 40 40
22.416 44.881 0.0 40 40
24.9804 44.5281 0.0 40 40
27.5748 47.1777 0.0 40 40
27.8009 44.1168 0.0 40 40
26.5432 45.1187 0.0 40 40
27.7655 45.5442 0.0 40 40
25.5154 46.7059 0.0 40 40
26.8194 44.4739 0.0 40 40
28.2467 46.4733 0.0 40 40
23.7698 45.446 0.0 40 40
28.5876 43.8168 0.0 40 40
23.1189 46.676 0.0 40 40
24.3765 46.1497 0.0 40 40
21.7128 44.7815 0.0 40 40
22.9494 47.1499 0.0 40 40
28.4224 44.1779 0.0 40 40
28.8127 46.9186 0.0 40 40
25.945 45.4909 0.0 40 40
26.7368 45.8165 0.0 40 40
27.8771 45.5373 0.0 40 40
26.2952 45.4272 0.0 40 40
27.4422 46.8375 0.0 40 40
25.2919 46.2969 0.0 40 40
26.394 46.3349 0.0 40 40
27.1477 45.8723 0.0 40 40
26.9768 44.9199 0.0 40 40
26.6498 45.8512 0.0 40 40
26.6498 45.8512 0.0 40 40
26.2337 47.3552 0.0 40 40
22.9325 44.2782 0.0 40 40
22.6922 44.6627 0.0 40 40
27.8302 45.5007 0.0 40 40
27.8314 45.4702 0.0 40 40
27.9949 45.6741 0.0 40 40
21.663 46.2653 0.0 40 40
23.2038 44.6609 0.0 40 40
24.9609 44.8629 0.0 40 40
26.2526 44.6777 0.0 40 40
22.1246 45.754 0.0 40 40
28.0498 45.5977 0.0 40 40
26.6489 46.5118 0.0 40 40
24.5222 46.5284 0.0 40 40
28.0467 44.5445 0.0 40 40
28.8151 45.1861 0.0 40 40
24.273 45.652 0.0 40 40
28.4196 44.8565 0.0 40 40
29.7269 45.1621 0.0 40 40
27.6687 45.5939 0.0 40 40
27.8487 45.8996 0.0 40 40
27.7911 46.6415 0.0 40 40
24.4038 43.9986 0.0 40 40
28.0808 45.8443 0.0 40 40
25.0495 45.4371 0.0 40 40
26.7277 45.8657 0.0 40 40
25.3652 43.6572 0.0 40 40
11.3205 46.7285 0.0 40 40
11.3185 46.4952 0.0 40 40
11.3778 46.463 0.0 40 40
10.9436 45.9595 0.0 40 40
10.5495 46.6164 0.0 40 40
11.4118 46.9281 0.0 40 40
19.406053 43.865157 0.0 40 40
19.8098 45.1573 0.0 40 40
20.715084 43.888764 0.0 40 40
19.973146 43.261405 0.0 40 40
22.2731 48.9333 0.0 40 40
19.4678 49.1505 0.0 40 40
17.277 48.373 0.0 40 40
20.2339 49.1894 0.0 40 40
18.8361 48.494 0.0 40 40
17.1025 48.1961 0.0 40 40
15.2518 45.5043 0.0 40 40
13.7368 46.2281 0.0 40 40
14.4221 45.7381 0.0 40 40
15.4569 45.826 0.0 40 40
14.2613 46.0807 0.0 40 40
15.4695 46.1495 0.0 40 40
14.4434 45.9348 0.0 40 40
14.8101 45.5311 0.0 40 40
15.6275 45.8672 0.0 40 40
15.6245 46.0108 0.0 40 40
13.9999 46.3174 0.0 40 40
15.5018 46.461 0.0 40 40
14.0643 45.8934 0.0 40 40
14.3807 45.5278 0.0 40 40
16.2504 46.4481 0.0 40 40
15.3177 45.9488 0.0 40 40
14.5278 46.0438 0.0 40 40
14.4433 46.2941 0.0 40 40
14.9977 46.0612 0.0 40 40
15.1139 46.6365 0.0 40 40
13.5094 46.2445 0.0 40 40
14.0143 45.5464 0.0 40 40
14.8393 45.8033 0.0 40 40
14.7014 46.1016 0.0 40 40
13.8877 46.0322 0.0 40 40
15.0246 46.4342 0.0 40 40
11.1884 45.8808 0.0 40 40
10.9587 46.0835 0.0 40 40
12.81501 51.43052 0.0 40 40
12.98856 50.59483 0.0 40 40
12.163 51.526 0.0 40 40
12.881179 50.732472 0.0 40 40
12.3423 51.658 0.0 40 40
11.7719 51.1942 0.0 40 40
12.461 50.415 0.0 40 40
11.505 51.521 0.0 40 40
12.57625 50.96757 0.0 40 40
12.64499 50.88902 0.0 40 40
10.15457 50.79316 0.0 40 40
11.03812 51.37754 0.0 40 40
10.50421 50.73536 0.0 40 40
11.00242 51.30677 0.0 40 40
10.81861 51.60994 0.0 40 40
10.79214 50.60195 0.0 40 40
12.31685 50.69544 0.0 40 40
12.1999 50.7353 0.0 40 40
12.0715 50.98203 0.0 40 40
10.20623 51.29231 0.0 40 40
12.21964 50.6908 0.0 40 40
12.26811 50.8297 0.0 40 40
11.47223 50.59227 0.0 40 40
12.43147 51.0476 0.0 40 40
11.1978 50.57607 0.0 40 40
10.65876 51.2833 0.0 40 40
12.08091 50.78982 0.0 40 40
12.46844 50.94269 0.0 40 40
11.2247 50.53608 0.0 40 40
11.61447 50.64523 0.0 40 40
10.8643 51.57828 0.0 40 40
12.15733 50.48522 0.0 40 40
10.86677 51.33267 0.0 40 40
11.56432 50.66236 0.0 40 40
10.42599 51.53225 0.0 40 40
9.9099 50.65261 0.0 40 40
11.71074 50.98161 0.0 40 40
10.67713 50.76265 0.0 40 40
11.16721 50.45468 0.0 40 40
10.09165 50.8876 0.0 40 40
10.31802 50.84516 0.0 40 40
12.12605 51.0507 0.0 40 40
11.97713 50.67064 0.0 40 40
9.1091 37.0469 0.0 40 40
8.6881 35.5616 0.0 40 40
27.8792 37.6608 0.0 40 40
27.6195 39.7403 0.0 40 40
30.4534 39.8801 0.0 40 40
33.7165 41.0521 0.0 40 40
11.67894 42.868614 0.0 40 40
8.490392 39.122956 0.0 40 40
29.2242 50.7012 0.0 40 40
13.444468 43.608845 0.0 40 40
10.504497 43.631413 0.0 40 40
10.516896 43.65693 0.0 40 40
10.46937 43.640408 0.0 40 40
-1.0012 37.5868 0.0 40 40
4.2665 39.8959 0.0 40 40
-0.2635 38.6495 0.0 40 40
