23.2792 42.776998	1.5	0	1	TC	BLSH
24.1735 42.433699000000004	1.5	0	1	TC	PGB
26.5296 42.411100000000005	1.5	0	1	TC	JMB
24.747499 42.066900000000004	1.5	0	1	TC	PLD
27.409901 43.080198	1.5	0	1	TC	PRD
24.7388 41.614199	1.5	0	1	TC	RZN
22.651199 42.754599	1.5	0	1	TC	TRAN
22.675 43.5427	1.5	0	1	TC	BLKB
25.8751 42.8487	1.5	0	1	TC	ELND
28.4162 43.325900000000004	1.5	0	1	TC	KALB
25.3396 41.550199	1.5	0	1	TC	KDZ
23.1287 41.761702	1.5	0	1	TC	KKB
26.4941 43.7224	1.5	0	1	TC	KUBB
26.593 43.2901	1.5	0	1	TC	LOZB
23.7495 41.466902000000005	1.5	0	1	TC	MMB
23.740101 43.275999	1.5	0	1	TC	MPE
23.4256 42.3962	1.5	0	1	TC	PLNA
24.6207 43.307	1.5	0	1	TC	PLVB
28.1359 43.557501	1.5	0	1	TC	PSN
25.173201 43.0427	1.5	0	1	TC	PVL
26.5079 43.486200000000004	1.5	0	1	TC	RAZG
28.6057 43.4589	1.5	0	1	TC	SHAB
25.9762 43.185301	1.5	0	1	TC	SZH
23.234301 42.534399	1.5	0	1	TC	VTS1
23.853684 41.984757	1.5	0	1	TC	YUND
23.235 42.538000000000004	1.5	0	1	TC	VTS
