18.42 45.66	1.5	0	0	TC	VALP
15.8878 47.6958	1.5	0	0	TC	GILA
16.1894 47.718	1.5	0	0	TC	PITA
16.2594 48.0887	1.5	0	0	TC	SQMD
16.1008 47.8186	1.5	0	0	TC	SQWN
16.6814 47.9772	1.5	0	0	TC	HUNA
15.9505 47.5431	1.5	0	0	TC	MARA
15.6229 48.5145	1.5	0	0	TC	SINA
9.842445 43.049999	1.5	0	0	TC	Capraia-A317A
7.539 47.811	1.5	0	0	TC	CHAL
27.2252 42.1821	1.5	0	0	TC	Golyam
13.38436527777 45.682786	1.5	0	0	TC	Grado
10.295717 42.333679	1.5	0	0	TC	Montecristo-A316A
6.76 43.577	1.5	0	0	TC	N204
6.509 44.393	1.5	0	0	TC	OG27
6.203 45.595	1.5	0	0	TC	OGRO
9.191 41.663	1.5	0	0	TC	OSPF
15.747887 42.225137	1.5	0	0	TC	PIANO
6.933 47.875	1.5	0	0	TC	URBF
