19.656 40.7232	1.5	0	0	TC	BPA1
19.6187 40.7302	1.5	0	0	TC	BPA2
19.4573 41.3199	1.5	0	0	TC	DURR
20.0814 41.1166	1.5	0	0	TC	ELBA
19.5671 40.7173	1.5	0	0	TC	FIER
20.679 40.8996	1.5	0	0	TC	POGR
19.8078 41.3357	1.5	0	0	TC	TIR1
27.4786 43.1044	1.5	0	0	TC	BOZ
27.2753 43.2643	1.5	0	0	TC	NEF
23.3698 42.6761	1.5	0	0	TC	SOF
25.893836 36.831561	1.5	0	0	TC	AMGA
24.40171 36.68984	1.5	0	0	TC	MHLO
25.34539 36.43561	1.5	0	0	TC	SAP3
19.076 44.457	1.5	0	0	TC	BIR1
17.163 44.508	1.5	0	0	TC	BOCA
18.5853 43.1694	1.5	0	0	TC	KLINJ
16.911 44.847	1.5	0	0	TC	MED
18.579 43.174	1.5	0	0	TC	VRBA
25.2209 47.6187	1.5	0	0	TC	BUR02
25.2178 47.6085	1.5	0	0	TC	BUR03
25.2122 47.6182	1.5	0	0	TC	BUR04
25.2444 47.6169	1.5	0	0	TC	BUR06
25.2324 47.6426	1.5	0	0	TC	BUR07
25.2002 47.644	1.5	0	0	TC	BUR08
25.1902 47.6164	1.5	0	0	TC	BUR09
28.0374 44.3336	1.5	0	0	TC	CVDA
19.267 44.783	1.5	0	0	TC	BLJ
17.084 44.417	1.5	0	0	TC	MGRS
16.7151 44.9764	1.5	0	0	TC	PRIJ
18.103 43.299	1.5	0	0	TC	DF03/NEVS/CA04A
