25.893836 36.831561
19.076 44.457
19.267 44.783
17.163 44.508
27.4786 43.1044
19.656 40.7232
19.6187 40.730199999999996
25.2209 47.6187
25.2178 47.6085
25.2122 47.6182
25.2444 47.6169
25.2324 47.6426
25.2002 47.644
25.1902 47.6164
28.0374 44.3336
18.103 43.299
19.4573 41.3199
20.0814 41.1166
19.5671 40.7173
18.5853 43.1694
16.911 44.847
17.084 44.417
24.40171 36.68984
27.2753 43.2643
20.679 40.8996
16.7151 44.9764
25.34539 36.43561
23.3698 42.6761
19.8078 41.3357
18.579 43.174
