23.2368 37.5063
23.7865 38.4066
23.5847 38.7047
8.2659 39.107929
9.51649 39.144465
8.993057 39.632733
8.4608 39.742072
9.647323 39.974155
9.16135 40.097149
20.598636 40.149911
8.749865 40.450518
9.752982 40.576722
19.9455 40.7082
9.095645 40.717178
8.240092 40.987955
9.435083 41.221332
8.7937 42.2326
16.2545 42.3927
9.5066 42.5029
17.3627 42.775
2.70961 42.966
17.1532 42.9775
16.1836 43.0537
10.573185 43.120987
18.5854 43.1695
6.2335 43.2001
6.601 43.2197
5.6099 43.2413
18.1029 43.2989
17.7938889 43.3502778
10.578689 43.476425
4.7917 43.5006
18.4462 43.5022
3.2602 43.5025
1.49531 43.5079
2.87781 43.5864
16.0578 43.5905
1.53639 43.593
2.8004 43.6006
4.1885 43.6927
18.2569444 43.7036111
3.6883 43.7438
18.036111 43.751114
2.27289 43.8041
1.04411 43.9297
2.7193 43.9752
1.83 44.0163
4.528 44.0515
17.4505556 44.0619444
17.165 44.068
12.244515 44.170353
2.646 44.1972
15.053954 44.292497
3.5378 44.3193
2.8695 44.3246
17.2677778 44.34333
6.0733 44.3701
5.14762 44.3711
16.3769444 44.3777778
6.5023 44.3933
5.54989 44.4291
3.16419 44.4419
2.10319 44.45
16.5313 44.4818
4.5869 44.5069
0.7446109999999999 44.5296
10.596118 44.535919
7.9089 44.5391
12.005684 44.582485
3.9367 44.6001
1.5554999999999999 44.6242
11.436312 44.660755
24.23705 44.66558
2.62061 44.6677
3.3398 44.7343
25.6738 44.7487
14.782104 44.750429
16.668333 44.7661111
5.5892 44.793
27.794 44.816
7.7099 44.8534
18.4416667 44.8591667
23.63836 44.88331
16.3202 44.8908
4.4516 44.892
9.9098 44.8939
3.20969 44.9351
1.8923100000000002 44.9466
12.432347 44.959236
2.586 44.965
2.8069 44.9695
21.50595 44.9769
4.03939 44.9788
24.01149 44.98959
25.55 45.0
12.033501 45.0016739
24.906 45.0088
3.663 45.0107
16.9 45.013
1.33389 45.0196
14.15487 45.036052
10.481657 45.10738
5.0728 45.1209
9.3837 45.1371
27.506 45.151
23.35472 45.18285
14.714742 45.208155
8.2885 45.238
7.6133 45.2545
24.32622 45.26417
25.6148 45.2673
4.0427 45.3113
10.662822 45.313467
12.31822 45.344273
8.8338 45.366
22.12656 45.37929
26.9747 45.3801
6.302 45.3805
5.23226 45.4307
2.9722 45.4723
20.87241 45.55558
4.6086 45.5963
12.620993 45.619781
8.361 45.6225
11.971315 45.63353
23.26152 45.64203
25.2161 45.6922
25.8195 45.708
4.0666 45.7178
6.2004 45.8107
13.127954 45.819313
24.8292 45.8417
23.72225 45.86508
20.58171 45.88031
5.0747 45.9427
21.51725 45.97819
4.4619 45.9926
8.4818 46.0082
9.761 46.0473
22.45345 46.06825
26.829 46.105
24.3183 46.1066
24.9 46.143
23.42372 46.17443
4.1125 46.2008
21.18102 46.2694
6.6808 46.3296
5.8003 46.362
22.13902 46.36253
3.4474 46.3781
25.1082 46.3789
5.2132 46.3858
23.0273 46.3923
25.646 46.394
27.226 46.404
10.928 46.5068
23.9007 46.5193
3.9329 46.5604
4.58183 46.5963
25.5027 46.6142
11.8805 46.6246
25.994 46.628
21.84847 46.64413
5.31951 46.7469
27.089 46.795
24.5598 46.8093
24.098 46.819
25.089 46.895
3.4984 46.9102
25.236 46.9338
4.14798 46.9816
23.43 47.024
22.47812 47.05192
25.609 47.144
5.20102 47.197
23.8037 47.2375
26.803 47.252
25.0867 47.2897
4.57935 47.305534
22.18208 47.35052
26.2 47.351
22.96773 47.37447
25.402 47.408
27.297 47.453
24.4006 47.4602
6.0108 47.5835
25.84 47.7
26.64 47.71
24.1846 47.7881
