23.2368 37.5063	1.5	0	0	TC	DID
23.7865 38.4066	1.5	0	0	TC	ERTR/EREA
23.5847 38.7047	1.5	0	0	TC	MRKA
8.2659 39.107929	1.5	0	0	TC	ZLS07
9.51649 39.144465	1.5	0	0	TC	ZLS06
8.993057 39.632733	1.5	0	0	TC	ZLS11
8.4608 39.742072	1.5	0	0	TC	ZLS08
9.647323 39.974155	1.5	0	0	TC	ZLS04
9.16135 40.097149	1.5	0	0	TC	ZLS05
20.598636 40.149911	1.5	0	0	TC	LSK
8.749865 40.450518	1.5	0	0	TC	ZLS10
9.752982 40.576722	1.5	0	0	TC	ZLS03
19.9455 40.7082	1.5	0	0	TC	BERA
9.095645 40.717178	1.5	0	0	TC	ZLS02
8.240092 40.987955	1.5	0	0	TC	ZLS09
9.435083 41.221332	1.5	0	0	TC	ZLS01
8.7937 42.2326	1.5	0	0	TC	A208A
16.2545 42.3927	1.5	0	0	TC	CA06A
9.5066 42.5029	1.5	0	0	TC	A209B
17.3627 42.775	1.5	0	0	TC	CA08A
2.70961 42.966	1.5	0	0	TC	PY12B
17.1532 42.9775	1.5	0	0	TC	CA09A
16.1836 43.0537	1.5	0	0	TC	CA05A
10.573185 43.120987	1.5	0	0	TC	A318A
18.5854 43.1695	1.5	0	0	TC	CA02A
6.2335 43.2001	1.5	0	0	TC	A205A
6.601 43.2197	1.5	0	0	TC	A206A
5.6099 43.2413	1.5	0	0	TC	A204A
18.1029 43.2989	1.5	0	0	TC	CA04A
17.7938889 43.3502778	1.5	0	0	TC	BH04A/MOSTR
10.578689 43.476425	1.5	0	0	TC	A319A
4.7917 43.5006	1.5	0	0	TC	A201A
18.4462 43.5022	1.5	0	0	TC	BH06A/KALN
3.2602 43.5025	1.5	0	0	TC	A202A
1.49531 43.5079	1.5	0	0	TC	PF15
2.87781 43.5864	1.5	0	0	TC	PY20
16.0578 43.5905	1.5	0	0	TC	CA07A
1.53639 43.593	1.5	0	0	TC	PY18B
2.8004 43.6006	1.5	0	0	TC	A198A
4.1885 43.6927	1.5	0	0	TC	A200A
18.2569444 43.7036111	1.5	0	0	TC	Bjelasnica
3.6883 43.7438	1.5	0	0	TC	A199A
18.036111 43.751114	1.5	0	0	TC	BH07A
2.27289 43.8041	1.5	0	0	TC	PY19
1.04411 43.9297	1.5	0	0	TC	PY17
2.7193 43.9752	1.5	0	0	TC	A195A
1.83 44.0163	1.5	0	0	TC	PY23
4.528 44.0515	1.5	0	0	TC	A196A
17.4505556 44.0619444	1.5	0	0	TC	Bugojno
17.165 44.068	1.5	0	0	TC	BH10A/SRKY
12.244515 44.170353	1.5	0	0	TC	A309A
2.646 44.1972	1.5	0	0	TC	PY24B
15.053954 44.292497	1.5	0	0	TC	VIRC
3.5378 44.3193	1.5	0	0	TC	A191A
2.8695 44.3246	1.5	0	0	TC	A190A
17.2677778 44.34333	1.5	0	0	TC	Jajce
6.0733 44.3701	1.5	0	0	TC	A217A
5.14762 44.3711	1.5	0	0	TC	A193A
16.3769444 44.3777778	1.5	0	0	TC	Drvar
6.5023 44.3933	1.5	0	0	TC	A194A
5.54989 44.4291	1.5	0	0	TC	A216A
3.16419 44.4419	1.5	0	0	TC	PY31
2.10319 44.45	1.5	0	0	TC	PY30
16.5313 44.4818	1.5	0	0	TC	BH11A/A050A
4.5869 44.5069	1.5	0	0	TC	A192A
0.7446109999999999 44.5296	1.5	0	0	TC	PY28
10.596118 44.535919	1.5	0	0	TC	A306A
7.9089 44.5391	1.5	0	0	TC	A280A
12.005684 44.582485	1.5	0	0	TC	A308A
3.9367 44.6001	1.5	0	0	TC	A188A-PY32
1.5554999999999999 44.6242	1.5	0	0	TC	PY29A
11.436312 44.660755	1.5	0	0	TC	A307A
24.23705 44.66558	1.5	0	0	TC	ZRO01
2.62061 44.6677	1.5	0	0	TC	PY3AB
3.3398 44.7343	1.5	0	0	TC	A187A
25.6738 44.7487	1.5	0	0	TC	ZRO02
14.782104 44.750429	1.5	0	0	TC	RABC
16.668333 44.7661111	1.5	0	0	TC	SanskiMost
5.5892 44.793	1.5	0	0	TC	A186B
27.794 44.816	1.5	0	0	TC	ZRO03
7.7099 44.8534	1.5	0	0	TC	A281A
18.4416667 44.8591667	1.5	0	0	TC	Gradacac
23.63836 44.88331	1.5	0	0	TC	ZRO04
16.3202 44.8908	1.5	0	0	TC	BH13A/KNYS
4.4516 44.892	1.5	0	0	TC	A184A
9.9098 44.8939	1.5	0	0	TC	A285A
3.20969 44.9351	1.5	0	0	TC	PY38
1.8923100000000002 44.9466	1.5	0	0	TC	PY36B
12.432347 44.959236	1.5	0	0	TC	A305A
2.586 44.965	1.5	0	0	TC	PY37
2.8069 44.9695	1.5	0	0	TC	A182A
21.50595 44.9769	1.5	0	0	TC	ZRO06
4.03939 44.9788	1.5	0	0	TC	PY39
24.01149 44.98959	1.5	0	0	TC	ZRO07
25.55 45.0	1.5	0	0	TC	ZRO08
12.033501 45.0016739	1.5	0	0	TC	A304A
24.906 45.0088	1.5	0	0	TC	ZRO09
3.663 45.0107	1.5	0	0	TC	A183A
16.9 45.013	1.5	0	0	TC	A051A
1.33389 45.0196	1.5	0	0	TC	PY35B
14.15487 45.036052	1.5	0	0	TC	SMRN
10.481657 45.10738	1.5	0	0	TC	A312A
5.0728 45.1209	1.5	0	0	TC	A185A
9.3837 45.1371	1.5	0	0	TC	A284A
27.506 45.151	1.5	0	0	TC	ZRO10
23.35472 45.18285	1.5	0	0	TC	ZRO11
14.714742 45.208155	1.5	0	0	TC	GRIZ
8.2885 45.238	1.5	0	0	TC	A283B
7.6133 45.2545	1.5	0	0	TC	A282A
24.32622 45.26417	1.5	0	0	TC	ZRO13
25.6148 45.2673	1.5	0	0	TC	ZRO14
4.0427 45.3113	1.5	0	0	TC	A180A
10.662822 45.313467	1.5	0	0	TC	A313A
12.31822 45.344273	1.5	0	0	TC	A303A
8.8338 45.366	1.5	0	0	TC	A286A
22.12656 45.37929	1.5	0	0	TC	ZRO15
26.9747 45.3801	1.5	0	0	TC	ZRO16
6.302 45.3805	1.5	0	0	TC	A181A
5.23226 45.4307	1.5	0	0	TC	A215A
2.9722 45.4723	1.5	0	0	TC	A179A
20.87241 45.55558	1.5	0	0	TC	ZRO17
4.6086 45.5963	1.5	0	0	TC	A177A
12.620993 45.619781	1.5	0	0	TC	A301A
8.361 45.6225	1.5	0	0	TC	A287A
11.971315 45.63353	1.5	0	0	TC	A302A
23.26152 45.64203	1.5	0	0	TC	ZRO18
25.2161 45.6922	1.5	0	0	TC	ZRO20
25.8195 45.708	1.5	0	0	TC	ZRO21
4.0666 45.7178	1.5	0	0	TC	A176A
6.2004 45.8107	1.5	0	0	TC	A178A
13.127954 45.819313	1.5	0	0	TC	A300A
24.8292 45.8417	1.5	0	0	TC	ZRO22
23.72225 45.86508	1.5	0	0	TC	RO23A
20.58171 45.88031	1.5	0	0	TC	ZRO24
5.0747 45.9427	1.5	0	0	TC	A175A
21.51725 45.97819	1.5	0	0	TC	ZRO25
4.4619 45.9926	1.5	0	0	TC	A174A
8.4818 46.0082	1.5	0	0	TC	A288A
9.761 46.0473	1.5	0	0	TC	A289A
22.45345 46.06825	1.5	0	0	TC	ZRO26
26.829 46.105	1.5	0	0	TC	ZRO27
24.3183 46.1066	1.5	0	0	TC	ZRO28
24.9 46.143	1.5	0	0	TC	ZRO29
23.42372 46.17443	1.5	0	0	TC	ZRO30
4.1125 46.2008	1.5	0	0	TC	A171A
21.18102 46.2694	1.5	0	0	TC	ZRO31
6.6808 46.3296	1.5	0	0	TC	A173A
5.8003 46.362	1.5	0	0	TC	A214A
22.13902 46.36253	1.5	0	0	TC	ZRO32
3.4474 46.3781	1.5	0	0	TC	A170A
25.1082 46.3789	1.5	0	0	TC	ZRO33
5.2132 46.3858	1.5	0	0	TC	A172A
23.0273 46.3923	1.5	0	0	TC	ZRO34
25.646 46.394	1.5	0	0	TC	ZRO35
27.226 46.404	1.5	0	0	TC	ZRO36
10.928 46.5068	1.5	0	0	TC	A290A
23.9007 46.5193	1.5	0	0	TC	ZRO37
3.9329 46.5604	1.5	0	0	TC	A168A
4.58183 46.5963	1.5	0	0	TC	A169A
25.5027 46.6142	1.5	0	0	TC	ZRO38
11.8805 46.6246	1.5	0	0	TC	A291A
25.994 46.628	1.5	0	0	TC	ZRO39
21.84847 46.64413	1.5	0	0	TC	ZRO40
5.31951 46.7469	1.5	0	0	TC	A167A
27.089 46.795	1.5	0	0	TC	ZRO41
24.5598 46.8093	1.5	0	0	TC	ZRO42
24.098 46.819	1.5	0	0	TC	ZRO43
25.089 46.895	1.5	0	0	TC	ZRO44
3.4984 46.9102	1.5	0	0	TC	A165A
25.236 46.9338	1.5	0	0	TC	ZRO45
4.14798 46.9816	1.5	0	0	TC	A166A
23.43 47.024	1.5	0	0	TC	ZRO47
22.47812 47.05192	1.5	0	0	TC	ZRO48
25.609 47.144	1.5	0	0	TC	ZRO49
5.20102 47.197	1.5	0	0	TC	A163A
23.8037 47.2375	1.5	0	0	TC	ZRO50
26.803 47.252	1.5	0	0	TC	ZRO51
25.0867 47.2897	1.5	0	0	TC	ZRO52
4.57935 47.305534	1.5	0	0	TC	A162A
22.18208 47.35052	1.5	0	0	TC	ZRO53
26.2 47.351	1.5	0	0	TC	ZRO54
22.96773 47.37447	1.5	0	0	TC	ZRO55
25.402 47.408	1.5	0	0	TC	ZRO56
27.297 47.453	1.5	0	0	TC	ZRO57
24.4006 47.4602	1.5	0	0	TC	ZRO58
6.0108 47.5835	1.5	0	0	TC	A161A
25.84 47.7	1.5	0	0	TC	ZRO59
26.64 47.71	1.5	0	0	TC	ZRO60
24.1846 47.7881	1.5	0	0	TC	ZRO61
