6.379853 48.881972	1.5	0	0	TC	A151A
6.853923 48.724835	1.5	0	0	TC	A152A
4.7968 48.318	1.5	0	0	TC	A153A
5.515227 48.441728	1.5	0	0	TC	A154A
6.084042 48.431194	1.5	0	0	TC	A155A
4.5341 47.9467	1.5	0	0	TC	A156A
5.73258 48.0225	1.5	0	0	TC	A157A
6.35006 48.0068	1.5	0	0	TC	A158A
4.317891 47.643921	1.5	0	0	TC	A159A
5.0502 47.6908	1.5	0	0	TC	A160A
5.92254 48.8277	1.5	0	0	TC	A210A
6.61952 48.4071	1.5	0	0	TC	A211A
5.0444 48.0931	1.5	0	0	TC	A212A
0.623389 43.6176	1.5	0	0	TC	PC01
0.601194 43.5623	1.5	0	0	TC	PC02
0.575694 43.5089	1.5	0	0	TC	PC03
0.555694 43.4497	1.5	0	0	TC	PC04
0.524806 43.3909	1.5	0	0	TC	PC05
0.501694 43.3408	1.5	0	0	TC	PC06
0.477111 43.2862	1.5	0	0	TC	PC07
0.449611 43.2263	1.5	0	0	TC	PC08
0.452111 43.1632	1.5	0	0	TC	PC09
0.364306 43.1253	1.5	0	0	TC	PC10
0.415111 43.0623	1.5	0	0	TC	PC11
0.367306 42.9953	1.5	0	0	TC	PC12
0.3665 42.9432	1.5	0	0	TC	PC13
0.321 42.881	1.5	0	0	TC	PC14
0.297 42.8308	1.5	0	0	TC	PC15
0.271111 42.7979	1.5	0	0	TC	PC16
0.198389 42.7208	1.5	0	0	TC	PC17
0.295306 42.5811	1.5	0	0	TC	PC18
0.171111 42.5637	1.5	0	0	TC	PC19
0.156194 42.5077	1.5	0	0	TC	PC20
0.160389 42.4428	1.5	0	0	TC	PC21
0.083694 42.4061	1.5	0	0	TC	PC22
0.052111 42.3389	1.5	0	0	TC	PC23
0.0845 42.2796	1.5	0	0	TC	PC24
0.037194 42.2301	1.5	0	0	TC	PC25
-0.026389 42.1605	1.5	0	0	TC	PC26
-0.068389 42.1175	1.5	0	0	TC	PC27
-0.084111 42.0655	1.5	0	0	TC	PC28
1.23558 42.6916	1.5	0	0	TC	PE01
1.21858 42.6779	1.5	0	0	TC	PE02
1.24922 42.6379	1.5	0	0	TC	PE03
1.21217 42.5758	1.5	0	0	TC	PE05
1.26158 42.535	1.5	0	0	TC	PE06
1.24375 42.5048	1.5	0	0	TC	PE07
1.14814 42.455	1.5	0	0	TC	PE09
1.11681 42.4225	1.5	0	0	TC	PE10
1.08386 42.3537	1.5	0	0	TC	PE12
1.03672 42.3122	1.5	0	0	TC	PE13
1.041 42.2451	1.5	0	0	TC	PE14
0.983583 42.2024	1.5	0	0	TC	PE15
0.953444 42.1536	1.5	0	0	TC	PE16
0.923028 42.0737	1.5	0	0	TC	PE17
0.92125 41.9918	1.5	0	0	TC	PE18
0.881111 41.9153	1.5	0	0	TC	PE19
0.883111 41.8055	1.5	0	0	TC	PE21
0.700222 41.706	1.5	0	0	TC	PE22
1.18831 42.7589	1.5	0	0	TC	PF01
1.19869 42.8041	1.5	0	0	TC	PF02
1.20169 42.8653	1.5	0	0	TC	PF03
1.21031 42.9023	1.5	0	0	TC	PF04
1.23611 42.9255	1.5	0	0	TC	PF05
1.25189 42.9611	1.5	0	0	TC	PF06
1.26831 43.0089	1.5	0	0	TC	PF07
1.26669 43.0583	1.5	0	0	TC	PF08
1.307 43.0972	1.5	0	0	TC	PF09
1.33511 43.1603	1.5	0	0	TC	PF10
1.371 43.2142	1.5	0	0	TC	PF11A
1.39119 43.2156	1.5	0	0	TC	PF11B
1.3905 43.277	1.5	0	0	TC	PF12
1.43619 43.358	1.5	0	0	TC	PF13
1.47 43.4276	1.5	0	0	TC	PF14
-0.473389 43.9108	1.5	0	0	TC	PW01
-0.522694 43.8528	1.5	0	0	TC	PW02
-0.563194 43.7754	1.5	0	0	TC	PW03
-0.581389 43.7053	1.5	0	0	TC	PW04
-0.6075 43.6334	1.5	0	0	TC	PW05
-0.661306 43.5653	1.5	0	0	TC	PW06
-0.736389 43.509	1.5	0	0	TC	PW07
-0.864194 43.4933	1.5	0	0	TC	PW08
-0.921306 43.4575	1.5	0	0	TC	PW09
-0.945306 43.407	1.5	0	0	TC	PW10
-0.983306 43.3609	1.5	0	0	TC	PW11
0.461806 43.182	1.5	0	0	TC	PY04
0.616111 42.8513	1.5	0	0	TC	PY05
1.52031 42.7703	1.5	0	0	TC	PY06
0.036389 43.5953	1.5	0	0	TC	PY08
0.607389 43.5989	1.5	0	0	TC	PY09A
0.606306 43.5989	1.5	0	0	TC	PY09B
1.1225 43.361	1.5	0	0	TC	PY10A
1.1345 43.3468	1.5	0	0	TC	PY10B
1.75139 43.1461	1.5	0	0	TC	PY11A
1.75111 43.1458	1.5	0	0	TC	PY11B
-0.537306 43.9927	1.5	0	0	TC	PY15
0.274306 43.9716	1.5	0	0	TC	PY16
-0.652306 44.5291	1.5	0	0	TC	PY26
0.060194 44.433	1.5	0	0	TC	PY27A
0.060306 44.4334	1.5	0	0	TC	PY27B
0.4035 44.9175	1.5	0	0	TC	PY34B
-0.146 48.3125	1.5	0	0	TC	PY95
0.689 46.8018	1.5	0	0	TC	PY96
