0.700222 41.706
0.883111 41.8055
0.881111 41.9153
0.9212500000000001 41.9918
-0.08411099999999999 42.0655
0.923028 42.0737
-0.06838899999999999 42.1175
0.953444 42.1536
-0.026389 42.1605
0.983583 42.2024
0.037194 42.2301
1.041 42.2451
0.0845 42.2796
1.03672 42.3122
0.052111 42.3389
1.08386 42.3537
0.08369399999999999 42.4061
1.11681 42.4225
0.160389 42.4428
1.14814 42.455
1.24375 42.5048
0.156194 42.5077
1.26158 42.535
0.17111099999999999 42.5637
1.21217 42.5758
0.295306 42.5811
1.24922 42.6379
1.21858 42.6779
1.2355800000000001 42.6916
0.19838899999999998 42.7208
1.18831 42.7589
1.52031 42.7703
0.271111 42.7979
1.19869 42.8041
0.297 42.8308
0.616111 42.8513
1.20169 42.8653
0.321 42.881
1.21031 42.9023
1.23611 42.9255
0.3665 42.9432
1.25189 42.9611
0.36730599999999997 42.9953
1.26831 43.0089
1.26669 43.0583
0.415111 43.0623
1.307 43.0972
0.36430599999999996 43.1253
1.7511100000000002 43.1458
1.7513900000000002 43.1461
1.33511 43.1603
0.452111 43.1632
0.461806 43.182
1.371 43.2142
1.39119 43.2156
0.449611 43.2263
1.3905 43.277
0.47711099999999995 43.2862
0.501694 43.3408
1.1345 43.3468
1.43619 43.358
-0.9833059999999999 43.3609
1.1225 43.361
0.524806 43.3909
-0.945306 43.407
1.47 43.4276
0.555694 43.4497
-0.921306 43.4575
-0.8641939999999999 43.4933
0.5756939999999999 43.5089
-0.736389 43.509
0.601194 43.5623
-0.661306 43.5653
0.036389 43.5953
0.606306 43.5989
0.607389 43.5989
0.623389 43.6176
-0.6075 43.6334
-0.5813889999999999 43.7053
-0.563194 43.7754
-0.522694 43.8528
-0.473389 43.9108
0.274306 43.9716
-0.537306 43.9927
0.060194 44.433
0.060306 44.4334
-0.6523059999999999 44.5291
0.4035 44.9175
0.6890000000000001 46.8018
4.317891 47.643921
5.0502 47.6908
4.5341 47.9467
6.35006 48.0068
5.73258 48.0225
5.0444 48.0931
-0.146 48.3125
4.7968 48.318
6.61952 48.4071
6.084042 48.431194
5.515227 48.441728
6.853923 48.724835
5.92254 48.8277
6.379853 48.881972
