-0.91 38.38
-0.19 38.68
0.64 39.9
2.048795 41.972401
2.939 51.238
3.843 50.711
4.36 50.797
4.36 50.797
4.522 50.605
4.595 50.095
4.768 50.302
5.065 51.232
5.065 51.232
5.085 51.213
5.086 51.213
5.086 51.213
5.086 51.213
5.086 51.213
5.086 51.214
5.086 51.214
5.225 50.697
5.228 50.156
5.6778 50.797
5.678 50.797
5.7846 51.1687
6.005 50.354
6.0067 50.6092
6.009 50.61
6.153 49.665
6.1678 51.1879
6.1942 51.5013
12.163 51.526
12.3423 51.658
12.881179 50.732472
27.6195 39.7403
27.6694 50.9305
27.7576 49.9205
27.85 50.418
27.8792 37.6608
28.189 50.746
29.2242 50.7012
29.673000000000002 40.801
30.4534 39.8801
33.7165 41.0521
