29.2242 50.7012	1.5	0	0	TC	AKBB
6.1942 51.5013	1.5	0	0	TC	ARCN
27.8792 37.6608	1.5	0	0	TC	AYDN
27.6195 39.7403	1.5	0	0	TC	BALY
5.6778 50.797	1.5	0	0	TC	BEBN
5.225 50.697	1.5	0	0	TC	BLZ
30.4534 39.8801	1.5	0	0	TC	BORA
2.048795 41.972401	1.5	0	0	TC	CORI
5.065 51.232	1.5	0	0	TC	DSLB
5.065 51.232	1.5	0	0	TC	DSLS
-0.19 38.68	1.5	0	0	TC	EBEN2
5.678 50.797	1.5	0	0	TC	EBN
0.64 39.9	1.5	0	0	TC	ECOL
5.7846 51.1687	1.5	0	0	TC	GUR1
6.005 50.354	1.5	0	0	TC	HOU
6.1678 51.1879	1.5	0	0	TC	HRKB
29.673000000000002 40.801	1.5	0	0	TC	HRTX
33.7165 41.0521	1.5	0	0	TC	ILGA
12.163 51.526	1.5	0	0	TC	LANDS
3.843 50.711	1.5	0	0	TC	LES
27.7576 49.9205	1.5	0	0	TC	LUBAR
12.881179 50.732472	1.5	0	0	TC	MEINS
6.0067 50.6092	1.5	0	0	TC	MEM
6.009 50.61	1.5	0	0	TC	MEMH
27.6694 50.9305	1.5	0	0	TC	MI28
28.189 50.746	1.5	0	0	TC	MI29
27.85 50.418	1.5	0	0	TC	MI30
5.086 51.213	1.5	0	0	TC	MOL1
5.086 51.213	1.5	0	0	TC	MOL2
5.086 51.213	1.5	0	0	TC	MOL3
5.086 51.213	1.5	0	0	TC	MOL4
5.086 51.214	1.5	0	0	TC	MOL5
5.085 51.213	1.5	0	0	TC	MOLS
5.086 51.214	1.5	0	0	TC	MOLT
4.768 50.302	1.5	0	0	TC	MRD
12.3423 51.658	1.5	0	0	TC	MUHB
2.939 51.238	1.5	0	0	TC	OSTB
5.228 50.156	1.5	0	0	TC	RCH
-0.91 38.38	1.5	0	0	TC	ROMA
12.361 50.17	1.5	0	0	TC	SKC
4.522 50.605	1.5	0	0	TC	TGA
4.36 50.797	1.5	0	0	TC	UCCB
4.36 50.797	1.5	0	0	TC	UCCS
