20.4113 42.0756	1.5	0	0	TC	KKS
19.7199 41.6359	1.5	0	0	TC	LACI
20.02 40.2947	1.5	0	0	TC	TPE
27.6691 43.1196	1.5	0	0	TC	AVR
27.4628 43.179	1.5	0	0	TC	DOB
27.3778 43.0934	1.5	0	0	TC	ROIA
22.068923 37.107022	1.5	0	0	TC	AAMF
24.0113 35.5163	1.5	0	0	TC	ABEA
27.9657 44.0882	1.5	0	0	TC	ADCR
27.182 46.0952	1.5	0	0	TC	ADJ
22.06354 38.26488	1.5	0	0	TC	AGEO
22.0878 38.25001	1.5	0	0	TC	AIGS
22.05873 38.19386	1.5	0	0	TC	AIOA
23.5635 46.0657	1.5	0	0	TC	ALBR
22.11135 38.26051	1.5	0	0	TC	ALIK
26.0758 44.4667	1.5	0	0	TC	ARCB
21.76206 38.33358	1.5	0	0	TC	ARIA
26.0904 44.4445	1.5	0	0	TC	ASE
26.35295 36.54552	1.5	0	0	TC	ASTA
24.0432 35.5193	1.5	0	0	TC	ATEI
23.773487 38.000799	1.5	0	0	TC	ATHP
26.9124 46.5669	1.5	0	0	TC	BAC
26.119 44.4059	1.5	0	0	TC	BAPR
26.1899 44.3085	1.5	0	0	TC	BBER
26.0224 44.4142	1.5	0	0	TC	BDTR
20.4744 45.5376	1.5	0	0	TC	BDVA
21.2743 41.6827	1.5	0	0	TC	BELI
19.89811 42.87175	1.5	0	0	TC	BEY
26.0771 44.4049	1.5	0	0	TC	BFER
21.330448 41.031993	1.5	0	0	TC	BIA
26.2135 44.4328	1.5	0	0	TC	BISC
21.9532 43.8289	1.5	0	0	TC	BOLA
22.46101 42.49825	1.5	0	0	TC	BOSS
26.05 44.43	1.5	0	0	TC	BPLR
26.1378 44.4483	1.5	0	0	TC	BPO
18.54394 42.90072	1.5	0	0	TC	BRY
26.0984 44.4458	1.5	0	0	TC	BSTR
26.1067 44.437	1.5	0	0	TC	BTMR
26.0938 44.4107	1.5	0	0	TC	BUC
26.0281 44.3479	1.5	0	0	TC	BUC1
18.8986 42.3008	1.5	0	0	TC	BUM
26.8099 45.1503	1.5	0	0	TC	BUZR
26.1069 44.3862	1.5	0	0	TC	BVES
20.1863 43.898	1.5	0	0	TC	CACA
23.5501 46.7683	1.5	0	0	TC	CBBR
21.1962 43.4186	1.5	0	0	TC	CELA
25.8799 44.4489	1.5	0	0	TC	CIOR
25.9414 44.3784	1.5	0	0	TC	CLIR
27.3557 44.1901	1.5	0	0	TC	CLISU
26.1687 45.8442	1.5	0	0	TC	COPR
22.2383 45.4108	1.5	0	0	TC	CRBR
28.6491 44.184	1.5	0	0	TC	CTISU
28.033 44.3421	1.5	0	0	TC	CVDP
24.014 35.4825	1.5	0	0	TC	DEYA
25.577801 42.0457	1.5	0	0	TC	DIM
22.5289 44.6711	1.5	0	0	TC	DJES1
22.5278 44.6698	1.5	0	0	TC	DJES2
23.8363 44.2971	1.5	0	0	TC	DJISU
22.49583 38.47836	1.5	0	0	TC	DLFA
20.3734 38.2385	1.5	0	0	TC	DMLN
18.1 44.733	1.5	0	0	TC	DOB
27.831 43.5811	1.5	0	0	TC	DOBAM
24.98864 39.54015	1.5	0	0	TC	EFSA
24.0306 35.4955	1.5	0	0	TC	G0LD
22.389 39.66886	1.5	0	0	TC	GINA
28.0541 45.4411	1.5	0	0	TC	GISR
28.2081 45.485	1.5	0	0	TC	GIUM
24.3419 44.1088	1.5	0	0	TC	GMCR
21.2197 42.6588	1.5	0	0	TC	GMRK
25.9518 43.8898	1.5	0	0	TC	GRISU
26.0273 44.4813	1.5	0	0	TC	GSMB
18.49836 42.44749	1.5	0	0	TC	HCY
27.480232 45.135824	1.5	0	0	TC	IACR
26.29283 37.61117	1.5	0	0	TC	IKRA
26.1611 44.441	1.5	0	0	TC	INCR
26.0773 44.5118	1.5	0	0	TC	INMR
20.152395 43.576676	1.5	0	0	TC	IVAS
21.26 43.971	1.5	0	0	TC	JAGA
20.702421 45.78178	1.5	0	0	TC	JIMR
28.8769 44.7661	1.5	0	0	TC	JURR
19.93542 39.74628	1.5	0	0	TC	KASA
22.7543 37.9875	1.5	0	0	TC	KIAS
26.97274 36.95708	1.5	0	0	TC	KLNA
21.1263 43.1277	1.5	0	0	TC	KMIA
22.306849 42.109081	1.5	0	0	TC	KNEZ
20.8354 41.1705	1.5	0	0	TC	KOSL
21.19505 41.87795	1.5	0	0	TC	KOZJ
22.3617 42.2092	1.5	0	0	TC	KPJ
20.6878 43.7248	1.5	0	0	TC	KRAA
21.246682 41.369637	1.5	0	0	TC	KRUS
21.67489 44.41226	1.5	0	0	TC	KUBS
24.38591 40.93704	1.5	0	0	TC	KVLA
21.8069 44.2409	1.5	0	0	TC	LAZA
20.0608 39.4465	1.5	0	0	TC	LFKM
21.6123 41.6786	1.5	0	0	TC	LISI
22.3917 39.6713	1.5	0	0	TC	LRSO
22.9765 37.97528	1.5	0	0	TC	LTRS
20.43718 38.20006	1.5	0	0	TC	LXRA
23.226907 37.575889	1.5	0	0	TC	MET3
23.39955 37.622783	1.5	0	0	TC	MET4
23.35775 37.62181	1.5	0	0	TC	MET5
23.356067 37.59165	1.5	0	0	TC	MET6
20.79116 38.65606	1.5	0	0	TC	MGNA
22.6535 44.6227	1.5	0	0	TC	MHISU
23.2262 43.4111	1.5	0	0	TC	MNNAM
23.03734 36.68709	1.5	0	0	TC	MNVA
25.0739 45.2349	1.5	0	0	TC	MTUR
24.0118 35.5091	1.5	0	0	TC	MULT
24.0423 35.474	1.5	0	0	TC	NERO
22.539882 39.726662	1.5	0	0	TC	NESN
18.9529 42.7669	1.5	0	0	TC	NKME
18.99817 42.81285	1.5	0	0	TC	NKY
23.71767 37.97384	1.5	0	0	TC	NOAC
20.6983 38.7135	1.5	0	0	TC	NYDR
20.792405 41.111682	1.5	0	0	TC	OHR
26.6382 44.0772	1.5	0	0	TC	OLTR
23.9664 43.7263	1.5	0	0	TC	ORH
24.3755 44.4278	1.5	0	0	TC	OTISU
21.755845 41.778615	1.5	0	0	TC	OTOV
22.24975 38.37352	1.5	0	0	TC	PANR
24.0121 35.4996	1.5	0	0	TC	PASK
21.76001 38.26933	1.5	0	0	TC	PATC
21.72657 38.23865	1.5	0	0	TC	PATG
20.5451 43.1576	1.5	0	0	TC	PAZA
22.898009 41.776282	1.5	0	0	TC	PEHC
20.2783 42.64	1.5	0	0	TC	PEJK
19.4104 43.9646	1.5	0	0	TC	PERA1
23.9928 35.4825	1.5	0	0	TC	PERI
24.8812 44.8558	1.5	0	0	TC	PITR
26.0274 44.9142	1.5	0	0	TC	PLAR
19.39426 43.32987	1.5	0	0	TC	PLE
22.8502 43.9523	1.5	0	0	TC	PLVAM
25.9937 44.5275	1.5	0	0	TC	PMGR
24.0602 35.5226	1.5	0	0	TC	POLY
20.75812 42.21076	1.5	0	0	TC	PRZK
22.17519 38.33194	1.5	0	0	TC	PSAR
25.56202 38.53978	1.5	0	0	TC	PSRA
19.95867 42.59444	1.5	0	0	TC	PVY
22.0168 38.41021	1.5	0	0	TC	PYRG
25.1243 43.6451	1.5	0	0	TC	RAZAM
21.79118 38.29585	1.5	0	0	TC	RIOA
27.0384 45.3906	1.5	0	0	TC	RMSR
24.2848 45.0363	1.5	0	0	TC	RMVG
19.753 44.2417	1.5	0	0	TC	ROVA1
21.8751 45.2987	1.5	0	0	TC	RSTR
20.4833 44.105	1.5	0	0	TC	RUDA
19.37 43.618	1.5	0	0	TC	RUDO
25.9612 43.8462	1.5	0	0	TC	RUSAM
21.1392 41.6928	1.5	0	0	TC	SAMO
18.4227778 43.8677778	1.5	0	0	TC	SARAJ
26.1369 44.3812	1.5	0	0	TC	SGEB
25.9743 44.2228	1.5	0	0	TC	SGRR
24.1757 45.8099	1.5	0	0	TC	SIBR
27.2665 44.1046	1.5	0	0	TC	SILAM
25.5526 45.355	1.5	0	0	TC	SINR
21.434422 41.971467	1.5	0	0	TC	SKO
20.601736 46.071346	1.5	0	0	TC	SNMR
25.3953 36.4037	1.5	0	0	TC	SNT5
22.09691 39.33773	1.5	0	0	TC	SOFA
24.0678 35.4878	1.5	0	0	TC	SOUD
20.8603333333333 39.0866666666667	1.5	0	0	TC	SS01
21.1311666666667 39.1106666666667	1.5	0	0	TC	SS02
21.155 38.8643333333333	1.5	0	0	TC	SS06
21.0761666666667 38.8238333333333	1.5	0	0	TC	SS09
20.9526666666667 38.7068333333333	1.5	0	0	TC	SS11
21.444 38.7041666666667	1.5	0	0	TC	SS13
21.39 38.6141666666667	1.5	0	0	TC	SS16
21.0905 38.5815	1.5	0	0	TC	SS17
21.706 38.4945	1.5	0	0	TC	SS19
21.6048333333333 38.7001666666667	1.5	0	0	TC	SS21
21.5143333333333 38.435	1.5	0	0	TC	SS22
21.6046666666667 38.7026666666667	1.5	0	0	TC	SS23
21.2488333333333 38.4848333333333	1.5	0	0	TC	SS24
21.4071666666667 38.4123333333333	1.5	0	0	TC	SS25
23.544045 38.176616	1.5	0	0	TC	STFN
22.43792 41.77559	1.5	0	0	TC	STIP
19.6506 46.11175	1.5	0	0	TC	SUBS
26.244778 47.640218	1.5	0	0	TC	SUVR
21.2595 41.9217	1.5	0	0	TC	SVPE
27.4089 45.8416	1.5	0	0	TC	TECR
22.11811 38.23165	1.5	0	0	TC	TEME
25.43244 36.41502	1.5	0	0	TC	THRA
21.2211 45.7365	1.5	0	0	TC	TIM
25.1631 37.53942	1.5	0	0	TC	TNSA
18.35 42.717	1.5	0	0	TC	TREB
25.4563 44.9361	1.5	0	0	TC	TRGR
25.3296 43.9719	1.5	0	0	TC	TRISU
21.76624 39.55381	1.5	0	0	TC	TRKA
28.6572 44.1608	1.5	0	0	TC	TSCT
20.6554 38.8249	1.5	0	0	TC	TSLK
28.595 43.8011	1.5	0	0	TC	TSMN
18.685 44.5419444	1.5	0	0	TC	TUZLA
18.91 43.2029	1.5	0	0	TC	UPM
19.883 44.2726	1.5	0	0	TC	VALA
21.9836 37.1641	1.5	0	0	TC	VALY
22.564576 41.321616	1.5	0	0	TC	VAY
22.766063 37.974944	1.5	0	0	TC	VELA
25.6367 43.0805	1.5	0	0	TC	VETAM
23.4356 43.6899	1.5	0	0	TC	VLD
19.7098 43.8492	1.5	0	0	TC	VRUA
22.6361 38.0772	1.5	0	0	TC	XLKS
23.46525 37.34923	1.5	0	0	TC	YDRA
22.633529 43.273577	1.5	0	0	TC	ZAPS
17.9 44.2016667	1.5	0	0	TC	ZENIC
21.94761 38.30519	1.5	0	0	TC	ZIRI
25.6347 45.6131	1.5	0	0	TC	ZOBR
20.558015 41.479627	1.5	0	0	TC	ZUPA
20.51315 44.69595	1.5	0	0	TC	AVAS
20.471419 44.809297	1.5	0	0	TC	BEO
22.6464 48.2336	1.5	0	0	TC	BERU
22.01765 44.09043	1.5	0	0	TC	BORS
23.0203 48.338	1.5	0	0	TC	BRIU
20.87342 43.56244	1.5	0	0	TC	GOCS
22.38442 48.52705	1.5	0	0	TC	HOLU
26.4263 49.2138	1.5	0	0	TC	HORU
23.1339 48.1573	1.5	0	0	TC	KORU
23.876 49.124	1.5	0	0	TC	MORS
22.6874 48.4536	1.5	0	0	TC	MUKU
27.3664 48.5947	1.5	0	0	TC	NDNU
23.4571 48.1976	1.5	0	0	TC	NSLU
22.9006 38.2589	1.5	0	0	TC	PROD
21.120913 43.214253	1.5	0	0	TC	SELS
23.3621 49.2234	1.5	0	0	TC	SHIU
20.9776666666667 38.856	1.5	0	0	TC	SS08
21.6693333333333 38.5943333333333	1.5	0	0	TC	SS20
24.5014 48.7106	1.5	0	0	TC	STAU
22.6212 49.0159	1.5	0	0	TC	STZU
21.215175 44.265486	1.5	0	0	TC	SVIS
19.528069 44.549344	1.5	0	0	TC	TEKS
22.957 48.095	1.5	0	0	TC	TRSU
20.406266 44.223525	1.5	0	0	TC	TRUS
21.32477 45.12276	1.5	0	0	TC	VRSS
22.232787 43.812589	1.5	0	0	TC	ZAGS
22.0247 39.8334	1.5	0	0	TC	KANL
23.94087 38.12253	1.5	0	0	TC	MRTH
25.9217 48.2975	1.5	0	0	TC	CHR
26.46 48.563	1.5	0	0	TC	KMPU
25.0648 48.3137	1.5	0	0	TC	KSV
23.5121 48.512	1.5	0	0	TC	MEZ
24.1663 48.0259	1.5	0	0	TC	RAKU
22.2908 48.6289	1.5	0	0	TC	UZH
23.44356 37.74806	1.5	0	0	TC	AIGN
22.519669 44.667165	1.5	0	0	TC	DJES
20.3482 38.2031	1.5	0	0	TC	KEF3
26.94695 36.70273	1.5	0	0	TC	KOSD
23.66927 38.10259	1.5	0	0	TC	PARN1
23.45793 38.19227	1.5	0	0	TC	PARN2
23.50326 38.07109	1.5	0	0	TC	PARN3
25.37244 36.47337	1.5	0	0	TC	SAP4
15.643891 43.654255	1.5	0	0	TC	ZIRJ
