10.482 45.1071
15.643891 43.654255
17.9 44.2016667
18.1 44.733
18.35 42.717
18.4227778 43.8677778
18.49836 42.44749
18.54394 42.90072
18.685 44.5419444
18.898600000000002 42.3008
18.91 43.2029
18.9529 42.7669
18.998170000000002 42.81285
19.37 43.618
19.39426 43.32987
19.4104 43.9646
19.528069 44.549344
19.6506 46.11175
19.7098 43.8492
19.7199 41.6359
19.753 44.2417
19.883 44.2726
19.89811 42.87175
19.93542 39.74628
19.9735 42.595
20.02 40.2947
20.0608 39.4465
20.152395 43.576676
20.1863 43.898
20.2783 42.64
20.3482 38.2031
20.3734 38.2385
20.406266 44.223525
20.4113 42.0756
20.43718 38.20006
20.471419 44.809297
20.4744 45.5376
20.4833 44.105
20.51315 44.69595
20.5451 43.1576
20.5571 41.4788
20.601736 46.071346
20.6554 38.8249
20.6878 43.7248
20.6983 38.7135
20.702421 45.78178
20.75812 42.21076
20.79116 38.65606
20.7989 41.1114
20.8354 41.1705
20.8603333333333 39.0866666666667
20.87342 43.56244
20.9526666666667 38.7068333333333
20.9776666666667 38.856
21.0761666666667 38.8238333333333
21.0905 38.5815
21.120913 43.214253
21.1263 43.1277
21.1311666666667 39.1106666666667
21.1392 41.6928
21.155 38.8643333333333
21.19505 41.87795
21.1962 43.4186
21.215175 44.265486
21.2197 42.6588
21.2211 45.7365
21.2488333333333 38.4848333333333
21.2489 41.3689
21.2595 41.9217
21.26 43.971
21.2743 41.6827
21.3239 41.0194
21.32477 45.12276
21.39 38.6141666666667
21.4071666666667 38.4123333333333
21.4396 41.9721
21.444 38.7041666666667
21.5143333333333 38.435
21.6046666666667 38.7026666666667
21.6048333333333 38.7001666666667
21.6123 41.6786
21.6693333333333 38.5943333333333
21.67489 44.41226
21.706 38.4945
21.72657 38.23865
21.7531 41.7795
21.76001 38.26933
21.76206 38.33358
21.76624 39.55381
21.79118 38.29585
21.8069 44.2409
21.8751 45.2987
21.94761 38.30519
21.9532 43.8289
21.9836 37.1641
22.0168 38.41021
22.01765 44.09043
22.0247 39.8334
22.05873 38.19386
22.06354 38.26488
22.068923 37.107022
22.0878 38.25001
22.09691 39.33773
22.11135 38.26051
22.11811 38.23165
22.17519 38.33194
22.232787 43.812589
22.2383 45.4108
22.24975 38.37352
22.2908 48.6289
22.3068 42.1091
22.3617 42.2092
22.38442 48.52705
22.389 39.66886
22.3917 39.6713
22.4382 41.7754
22.46101 42.49825
22.49583 38.47836
22.519669 44.667165
22.5278 44.6698
22.5289 44.6711
22.539882 39.726662
22.5701 41.3211
22.6212 49.0159
22.633529 43.273577
22.6361 38.0772
22.6464 48.2336
22.6535 44.6227
22.6874 48.4536
22.7543 37.9875
22.766063 37.974944
22.8502 43.9523
22.898009 41.776282
22.9006 38.2589
22.957 48.095
22.9765 37.97528
23.0203 48.338
23.03734 36.68709
23.1339 48.1573
23.2262 43.4111
23.226907 37.575889
23.356067 37.59165
23.35775 37.62181
23.3621 49.2234
23.39955 37.622783
23.4356 43.6899
23.44356 37.74806
23.4571 48.1976
23.45793 38.19227
23.46525 37.34923
23.50326 38.07109
23.5121 48.512
23.544045 38.176616
23.5501 46.7683
23.5635 46.0657
23.66927 38.10259
23.71767 37.97384
23.773487 38.000799
23.8363 44.2971
23.876 49.124
23.94087 38.12253
23.9664 43.7263
23.9928 35.4825
24.0113 35.5163
24.0118 35.5091
24.0121 35.4996
24.014 35.4825
24.0306 35.4955
24.0423 35.474
24.0432 35.5193
24.0602 35.5226
24.0678 35.4878
24.1663 48.0259
24.1757 45.8099
24.2848 45.0363
24.3419 44.1088
24.3755 44.4278
24.38591 40.93704
24.5014 48.7106
24.8812 44.8558
24.98864 39.54015
25.0648 48.3137
25.0739 45.2349
25.1243 43.6451
25.1631 37.53942
25.3296 43.9719
25.37244 36.47337
25.3953 36.4037
25.43244 36.41502
25.4563 44.9361
25.5526 45.355
25.56202 38.53978
25.5779 42.0457
25.6347 45.6131
25.6367 43.0805
25.8799 44.4489
25.9217 48.2975
25.9414 44.3784
25.9518 43.8898
25.9612 43.8462
25.9743 44.2228
25.9937 44.5275
26.0224 44.4142
26.0273 44.4813
26.0274 44.9142
26.0281 44.3479
26.05 44.43
26.0758 44.4667
26.0771 44.4049
26.0773 44.5118
26.0904 44.4445
26.0938 44.4107
26.0984 44.4458
26.1067 44.437
26.1069 44.3862
26.119 44.4059
26.1369 44.3812
26.1378 44.4483
26.1611 44.441
26.1687 45.8442
26.1899 44.3085
26.2135 44.4328
26.244778 47.640218
26.2619 44.4439
26.29283 37.61117
26.35295 36.54552
26.4263 49.2138
26.46 48.563
26.6382 44.0772
26.8099 45.1503
26.9124 46.5669
26.94695 36.70273
26.97274 36.95708
27.0384 45.3906
27.182 46.0952
27.2665 44.1046
27.3557 44.1901
27.3664 48.5947
27.3778 43.0934
27.4089 45.8416
27.4628 43.179
27.480232 45.135824
27.6691 43.1196
27.831 43.5811
27.9657 44.0882
28.033 44.3421
28.0541 45.4411
28.2081 45.485
28.595 43.8011
28.6491 44.184
28.6572 44.1608
28.8769 44.7661
