-1.240499 37.842201
0.6262 41.6153
0.786306 42.706473
0.7969 42.7016
0.893644 42.160858
1.185893 41.134825
1.496256 42.493015
1.836294 41.593324
1.84119 42.34019
1.96546 41.84381
1.9783 42.4626
2.15608 41.37007
2.173 41.396
2.1741 41.3853
2.2884 41.607
2.48925 42.18145
2.4923 41.6896
2.794193 41.683943
2.82158 41.98088
2.8278 41.986
2.8886000000000003 42.4487
2.899 51.137
2.9387 51.2382
3.9450000000000003 50.389
3.948 50.457
3.9530000000000003 50.452
4.08 50.649
4.11 50.479
4.141 50.482
4.185 50.479
4.225 50.606
4.28 50.471
4.282 50.508
4.288099 51.913745
4.288099 51.913745
4.288099 51.913745
4.288099 51.913745
4.288099 51.913745
4.36 50.797
4.36038 50.797241
4.446 50.389
4.9212 51.5043
4.9212 51.5043
4.9212 51.5043
4.9212 51.5043
4.9212 51.5043
5.086 51.214
5.086 51.214
5.087 50.384
5.302 50.419
5.507 50.668
5.541 50.626
5.558 50.586
5.564 50.583
5.568 50.657
5.596 51.139
5.599 50.64
5.599 50.639
5.635 51.112
5.636 51.1115
5.774 51.144
5.791 51.096
5.791 50.488
6.009 50.61
6.009 50.61
6.075 50.512
6.109 50.1
6.13 50.586
6.202 49.935
7.881117 48.964936
8.05 49.15
8.05 49.18
8.05 49.22
8.08 49.1
8.11 49.19
8.11 49.23
8.13 49.26
8.13 49.14
8.17 49.15
8.19 49.09
8.2 49.13
8.21 49.16
8.28 49.17
8.33 48.33
10.157343 50.536598
10.41937 51.25384
10.5798 51.31555
10.624987 48.720268
10.66725 51.42218
11.519922 48.995167
11.94743 49.962593
11.972771 50.031429
12.10279 50.18565
12.137 50.352
12.176193 50.02253
12.178588 50.083145
12.185856 50.182812
12.214974 49.971962
12.23383 50.018635
12.307 50.448
12.317 50.234
12.3316 50.3635
12.3761 50.2874
12.4031 50.6772
12.4039 50.4118
12.87571 49.14502
12.88 49.15
13.35414 50.921170000000004
26.3655 39.756
27.027477 37.769103
27.0529 40.0113
27.15048 40.28134
27.24216 39.9364
27.5341 39.1564
27.981 40.9902
28.0747 38.2762
28.0835 39.9627
28.12122 36.21356
28.1769 38.9088
28.22116 36.4471
28.2922 37.9641
28.5392 40.9998
28.6678 40.9908
28.6678 40.9908
28.7225 40.9958
29.065 40.8846
29.0854 40.8754
29.1278 40.8694
29.2657 40.8128
29.3023 37.919364
29.3554 40.7598
29.3703 40.6953
29.465 40.66
30.034952 37.919364
30.1104 39.0541
30.3271 40.7401
31.6872 40.391
31.838 37.4057
32.9677 35.2977
33.2636 37.174
