25.163418 35.093273	1.5	0	0	TC	TEFL
24.0402 35.5074	1.5	0	0	TC	LENT
14.9033 36.7804	1.5	0	0	TC	ISPIC
11.99514 36.81011	1.5	0	0	TC	PANTE
14.5345 36.8326	1.5	0	0	TC	CROCE
14.50064 37.02398	1.5	0	0	TC	ACATE
14.83 37.11112	1.5	0	0	TC	MEU
15.22713 37.25652	1.5	0	0	TC	AGST
13.60761 37.61864	1.5	0	0	TC	MCT
15.1356 37.6892	1.5	0	0	TC	EVRN
14.695 37.931	1.5	0	0	TC	MNO
12.345623 37.991327	1.5	0	0	TC	LEVAN
14.1431 37.9926	1.5	0	0	TC	PLLN
12.5873 38.03763	1.5	0	0	TC	ERC
16.05424 38.07323	1.5	0	0	TC	SOI
13.36 38.16167	1.5	0	0	TC	MPG
15.82888 38.16807	1.5	0	0	TC	GMB
15.8179 38.1723	1.5	0	0	TC	GMB1
20.3848 38.2036	1.5	0	0	TC	HAVD
22.04364 38.24676	1.5	0	0	TC	DIMT
15.714499 38.25629	1.5	0	0	TC	SICLA
23.331963000000002 38.29896	1.5	0	0	TC	THIV
23.268776 38.301522	1.5	0	0	TC	AMPE
20.4165 38.3172	1.5	0	0	TC	ATHR
23.336006 38.329826	1.5	0	0	TC	THVA
23.21098 38.3727	1.5	0	0	TC	THI2
23.39447 38.38777	1.5	0	0	TC	THI1
16.42002 38.82213	1.5	0	0	TC	GRI
16.627906 38.983001	1.5	0	0	TC	SELL
23.86669 39.14804	1.5	0	0	TC	ALNA
16.979492 39.283981	1.5	0	0	TC	LADO
16.338806 39.291028	1.5	0	0	TC	SPS2
9.296 39.366	1.5	0	0	TC	CGL
15.8531 39.7405	1.5	0	0	TC	GRIS
16.0759 40.19924	1.5	0	0	TC	SCHR
25.9183 40.1998	1.5	0	0	TC	GOKC
15.901 40.336	1.5	0	0	TC	VGG3
15.5365 40.3799	1.5	0	0	TC	TEGI
16.435 40.3814	1.5	0	0	TC	CRAC
15.7296 40.4256	1.5	0	0	TC	MRN3
15.5225 40.542	1.5	0	0	TC	CGG3
15.5114 40.5573	1.5	0	0	TC	CAGG
15.2433 40.5609	1.5	0	0	TC	PST3
16.8191 40.60325	1.5	0	0	TC	LTRZ
15.5721 40.6052	1.5	0	0	TC	VDP3
26.1406 40.607	1.5	0	0	TC	ENZZ
15.0802 40.6519	1.5	0	0	TC	CMP3
15.5114 40.6951	1.5	0	0	TC	SCL3
13.91612 40.71089	1.5	0	0	TC	IBCM
15.6369 40.7153	1.5	0	0	TC	BEL3
15.1927 40.7357	1.5	0	0	TC	SNR3
15.427 40.7408	1.5	0	0	TC	VDS3
13.89522 40.74351	1.5	0	0	TC	ICVJ
15.5782 40.7889	1.5	0	0	TC	SFL3
13.42156 40.79478	1.5	0	0	TC	VENT
15.4633 40.8181	1.5	0	0	TC	CSG3
15.0067 40.837	1.5	0	0	TC	MNT3
15.1222 40.8468	1.5	0	0	TC	NSC3
15.4043 40.903	1.5	0	0	TC	CLT3
15.002567 40.918446	1.5	0	0	TC	MTMR
15.18 40.93	1.5	0	0	TC	SALI
27.5374 40.9862	1.5	0	0	TC	TEKI
14.9906 40.9865	1.5	0	0	TC	LGS3
27.5351 40.9893	1.5	0	0	TC	TKR
15.3852 41.012	1.5	0	0	TC	BSC3
16.88 41.11	1.5	0	0	TC	OT15
26.6322 41.1288	1.5	0	0	TC	UKOP
27.8215 41.1428	1.5	0	0	TC	CRLU
26.9852 41.3949	1.5	0	0	TC	DOGC
13.813008 41.491036	1.5	0	0	TC	MCI
12.96239 41.4939	1.5	0	0	TC	LATB
13.558 41.5047	1.5	0	0	TC	LIK
15.34 41.51	1.5	0	0	TC	OT11
15.72 41.62	1.5	0	0	TC	OT07
15.91 41.63	1.5	0	0	TC	OT12
13.58658 41.64709	1.5	0	0	TC	LRP
15.6 41.66	1.5	0	0	TC	OT05
15.59 41.69	1.5	0	0	TC	OT06
15.65 41.71	1.5	0	0	TC	OT03
15.58 41.72	1.5	0	0	TC	OT04
12.5923 41.7805	1.5	0	0	TC	SAMA
12.51553 41.82842	1.5	0	0	TC	ROM9
15.1703 41.8344	1.5	0	0	TC	OT16
12.945292 41.847261	1.5	0	0	TC	RCAV
16.18 41.88	1.5	0	0	TC	OT13
15.91 41.9	1.5	0	0	TC	OT14
12.05123 42.24795	1.5	0	0	TC	BARO
13.84059 42.39455	1.5	0	0	TC	VCEL
13.21452 42.50898	1.5	0	0	TC	RM33
12.76567 42.57917	1.5	0	0	TC	ARRO
13.3353 42.6305	1.5	0	0	TC	SMA1
13.282205 42.634223	1.5	0	0	TC	T1299
12.8942 42.6922	1.5	0	0	TC	GAVE
13.39654 42.75669	1.5	0	0	TC	MTRA
13.326833 42.899333	1.5	0	0	TC	MMO1
13.188976 42.911418	1.5	0	0	TC	MC2
11.0465 42.949	1.5	0	0	TC	RIBO
13.04976 42.9621	1.5	0	0	TC	FEMA
13.459709 42.987797	1.5	0	0	TC	MF5
13.595667 43.062	1.5	0	0	TC	MNTT
13.204833 43.091833	1.5	0	0	TC	CSP1
13.399167 43.09667	1.5	0	0	TC	SAP2
12.9717 43.1135	1.5	0	0	TC	MML1
13.469252000000001 43.137378	1.5	0	0	TC	MNTP
13.194333 43.137868	1.5	0	0	TC	PF6
12.94762 43.14683	1.5	0	0	TC	SEF1
12.983759 43.178198	1.5	0	0	TC	PIO1
12.63994 43.18514	1.5	0	0	TC	ATCC
12.931604 43.188561	1.5	0	0	TC	FIU1
13.1427 43.1927	1.5	0	0	TC	MDAR
13.7614 43.1942	1.5	0	0	TC	CADA
13.176956 43.228783	1.5	0	0	TC	SSM1
13.067434 43.238063	1.5	0	0	TC	GAG1
13.009601 43.256732	1.5	0	0	TC	MTL1
12.28531 43.2786	1.5	0	0	TC	ATVA
12.76117 43.29483	1.5	0	0	TC	FOSV
13.670091 43.305297	1.5	0	0	TC	CIMA
13.312848 43.311198	1.5	0	0	TC	TRE1
12.40726 43.31516	1.5	0	0	TC	ATLO
13.101667 43.329333	1.5	0	0	TC	EL6
12.409367 43.370417	1.5	0	0	TC	TB02
13.6095 43.37783	1.5	0	0	TC	PP3
12.435667 43.381567	1.5	0	0	TC	TB01
12.41034 43.40134	1.5	0	0	TC	TB03
12.68641 43.424	1.5	0	0	TC	ATSC
12.9973 43.44183	1.5	0	0	TC	MMUR
12.1928 43.44685	1.5	0	0	TC	ATMC
12.40222 43.45068	1.5	0	0	TC	ATPI
12.2336 43.4584	1.5	0	0	TC	CDCA
12.54828 43.47571	1.5	0	0	TC	ATBU
12.24433 43.50967	1.5	0	0	TC	BADI
12.72572 43.51777	1.5	0	0	TC	FRON
5.7025 43.5235	1.5	0	0	TC	LEPF
12.13136 43.57387	1.5	0	0	TC	SSP9
13.53233 43.60768	1.5	0	0	TC	PCRO
12.7595 43.6292	1.5	0	0	TC	MPAG
13.00033 43.63183	1.5	0	0	TC	COR1
12.413039 43.66482	1.5	0	0	TC	SAIV
12.496333 43.696	1.5	0	0	TC	PE3
13.2331 43.7052	1.5	0	0	TC	SENI
7.29985 43.72633	1.5	0	0	TC	NOCA
7.3662 43.739	1.5	0	0	TC	REVF
12.81459 43.76911	1.5	0	0	TC	FCOR
12.3205 43.8011	1.5	0	0	TC	CPGN
12.631683 43.811583	1.5	0	0	TC	MCIF
11.5095 43.838	1.5	0	0	TC	RUFI
13.018354 43.843471	1.5	0	0	TC	FANO
11.84695 43.90477	1.5	0	0	TC	SFI
11.090265 43.957533	1.5	0	0	TC	MPPT
11.180785 44.004901	1.5	0	0	TC	MOCL
10.1153 44.0139	1.5	0	0	TC	MASSA
12.47033 44.14294	1.5	0	0	TC	BLLA
10.4007 44.184	1.5	0	0	TC	SARM
10.1273 44.2393	1.5	0	0	TC	FIVI
6.94 44.25	1.5	0	0	TC	CLP2
6.95 44.26	1.5	0	0	TC	CLP4
12.08023 44.28418	1.5	0	0	TC	BRSN
11.877 44.2895	1.5	0	0	TC	FAEN
6.68 44.35	1.5	0	0	TC	SZB
6.68 44.35	1.5	0	0	TC	SZC
11.74248 44.35955	1.5	0	0	TC	IMOL
8.9697 44.4057	1.5	0	0	TC	GENL
10.41268 44.41945	1.5	0	0	TC	ERBM
6.7488 44.429	1.5	0	0	TC	JAUF
6.6219 44.5496	1.5	0	0	TC	CREF
11.8056 44.580799999999996	1.5	0	0	TC	CMPO
10.3163 44.5834	1.5	0	0	TC	NEVI
10.949167 44.629722	1.5	0	0	TC	MODE
11.49165 44.64031	1.5	0	0	TC	FIU
6.7724 44.6756	1.5	0	0	TC	OGCE
11.1188 44.75587	1.5	0	0	TC	RAVA
11.5406 44.9035	1.5	0	0	TC	FERS
11.29582 45.00997	1.5	0	0	TC	SERM
9.7247 45.0353	1.5	0	0	TC	PCN
10.91987 45.05108	1.5	0	0	TC	SBPO
5.8 45.06	1.5	0	0	TC	GAL
5.81 45.06	1.5	0	0	TC	RUI
5.81 45.06	1.5	0	0	TC	THE
5.898528 45.120239	1.5	0	0	TC	CHA2
10.7897 45.1495	1.5	0	0	TC	MNTV
9.1349 45.2026	1.5	0	0	TC	EUCT
6.116735 45.205717	1.5	0	0	TC	OGGM
5.78 45.23	1.5	0	0	TC	RES
5.77 45.24	1.5	0	0	TC	GUI
9.7622 45.2763	1.5	0	0	TC	CTL8
12.3765 45.4167	1.5	0	0	TC	VENL
11.4876 45.4536	1.5	0	0	TC	ZOVE
10.128662 45.455464	1.5	0	0	TC	CADC
11.1606 45.523	1.5	0	0	TC	TREG
10.31064 45.563555	1.5	0	0	TC	SGAL
10.217 45.606	1.5	0	0	TC	CNCS
9.9345 45.6372	1.5	0	0	TC	CAPR
10.7319 45.6378	1.5	0	0	TC	ZEN8
11.6099 45.64	1.5	0	0	TC	SANR
10.504 45.6429	1.5	0	0	TC	VOBA
9.4291 45.7054	1.5	0	0	TC	MERA
11.9023 45.8003	1.5	0	0	TC	ASOL
10.4664 45.8228	1.5	0	0	TC	BAG8
10.9 45.83	1.5	0	0	TC	VARA
12.0131 45.8361	1.5	0	0	TC	CRND
10.62 45.98	1.5	0	0	TC	RONC
8.96 46.01	1.5	0	0	TC	SUSI
12.312986 46.011092	1.5	0	0	TC	FREG
12.3552 46.015	1.5	0	0	TC	FRE8
7.75 46.02	1.5	0	0	TC	SZEK
11.33 46.05	1.5	0	0	TC	PANI
6.93 46.07	1.5	0	0	TC	SEMOS
7.22257 46.09583	1.5	0	0	TC	SVBE
7.07 46.1	1.5	0	0	TC	SMAO
7.62 46.15	1.5	0	0	TC	SZIM
8.61 46.16	1.5	0	0	TC	SCAS2
8.79 46.16	1.5	0	0	TC	SLOP
7.8 46.18	1.5	0	0	TC	SNIB
7.4 46.19	1.5	0	0	TC	SHER
7.84 46.19	1.5	0	0	TC	SGRA
6.14 46.2	1.5	0	0	TC	SGEV
7.02 46.2	1.5	0	0	TC	LAVEY
7.26 46.21	1.5	0	0	TC	SARC
6.13882 46.22761	1.5	0	0	TC	SONUG
7.38 46.23	1.5	0	0	TC	SIOO
7.36 46.24	1.5	0	0	TC	SIOV
11.56 46.28	1.5	0	0	TC	ZIAN
6.94 46.29	1.5	0	0	TC	SMUK
7.42 46.29	1.5	0	0	TC	SAYF2
7.88 46.29	1.5	0	0	TC	SVIO
7.88 46.29	1.5	0	0	TC	SVIT
7.89 46.29	1.5	0	0	TC	SVIL
7.54 46.3	1.5	0	0	TC	SIEB
7.93 46.3	1.5	0	0	TC	BIBA
6.97 46.32	1.5	0	0	TC	SAIG
7.49 46.32	1.5	0	0	TC	SCRM
7.74 46.32	1.5	0	0	TC	SGAK
7.98 46.32	1.5	0	0	TC	SBRS
7.99 46.32	1.5	0	0	TC	SNTZ
7.43 46.35	1.5	0	0	TC	STSW2
6.91908 46.378	1.5	0	0	TC	SRENH
11.05 46.4	1.5	0	0	TC	OZOL
10.69 46.43	1.5	0	0	TC	CARE
6.84 46.46	1.5	0	0	TC	SVEJ
7.44 46.46	1.5	0	0	TC	SLENK
10.3764 46.4694	1.5	0	0	TC	BORM
7.13 46.47	1.5	0	0	TC	SCOD
11.22813 46.47868	1.5	0	0	TC	APPI
9.86 46.51	1.5	0	0	TC	SCEL
6.57 46.52	1.5	0	0	TC	SEPFL
7.37 46.55	1.5	0	0	TC	SZWD2
7.66 46.58	1.5	0	0	TC	SFRS
8.0257 46.6242	1.5	0	0	TC	SGWS
7.05 46.63	1.5	0	0	TC	SBUL
9.75 46.63	1.5	0	0	TC	SBGN
10.33 46.63	1.5	0	0	TC	STSP
6.8 46.67	1.5	0	0	TC	SMOE
7.86 46.69	1.5	0	0	TC	SINS
9.53 46.69	1.5	0	0	TC	SVAM
11.7341 46.69868	1.5	0	0	TC	BRES
10.1 46.7	1.5	0	0	TC	SZER
8.19 46.73	1.5	0	0	TC	SMEIS
7.63 46.74	1.5	0	0	TC	STHK
6.64 46.77	1.5	0	0	TC	SYVP
9.21 46.77	1.5	0	0	TC	SIZS
10.2 46.78	1.5	0	0	TC	SARD
7.16 46.79	1.5	0	0	TC	SFRU
9.54 46.79	1.5	0	0	TC	SCHK
9.83 46.8	1.5	0	0	TC	SDAK
10.3 46.8	1.5	0	0	TC	SCUC
7.22 46.81	1.5	0	0	TC	STAF
8.41 46.82	1.5	0	0	TC	SENGL
8.65 46.82	1.5	0	0	TC	SEFS
6.84 46.83	1.5	0	0	TC	SCHAT
7.1 46.85	1.5	0	0	TC	SCOU
9.52 46.86	1.5	0	0	TC	SCUG
8.64 46.88	1.5	0	0	TC	SALTS
8.24 46.89	1.5	0	0	TC	SARK
8.28 46.9	1.5	0	0	TC	SKEK
9.0 46.92	1.5	0	0	TC	SLTM2
7.44 46.95	1.5	0	0	TC	SBERN
8.36 46.96	1.5	0	0	TC	SSTS
8.42 46.98	1.5	0	0	TC	SBUS
6.95 47.0	1.5	0	0	TC	SNES2
8.65 47.02	1.5	0	0	TC	SWYZ
9.07 47.04	1.5	0	0	TC	SGLK
8.31 47.05	1.5	0	0	TC	SLUK
8.32 47.05	1.5	0	0	TC	SLUW
9.43 47.05	1.5	0	0	TC	SMELS
8.31 47.06	1.5	0	0	TC	SLUB
6.79 47.08	1.5	0	0	TC	SLCF
9.31 47.12	1.5	0	0	TC	SWAS
9.55 47.12	1.5	0	0	TC	STRW
7.25 47.13	1.5	0	0	TC	SBIK
9.43 47.15	1.5	0	0	TC	SBUB
9.47 47.16	1.5	0	0	TC	SBUA2
9.47 47.17	1.5	0	0	TC	SBUH
9.45983 47.17139	1.5	0	0	TC	SWERG
8.52 47.19	1.5	0	0	TC	SBAS
9.35224 47.20475	1.5	0	0	TC	SWIM
7.52 47.21	1.5	0	0	TC	SOLB
7.54 47.21	1.5	0	0	TC	SOLZ
9.55 47.21	1.5	0	0	TC	SMFL
8.27 47.25	1.5	0	0	TC	HAMIK
9.4 47.33	1.5	0	0	TC	SAPK
7.12 47.37	1.5	0	0	TC	MTIA3
7.17 47.37	1.5	0	0	TC	MTIA2
7.34 47.37	1.5	0	0	TC	SDES
8.5 47.37	1.5	0	0	TC	EWZT0
7.16 47.38	1.5	0	0	TC	MTIA1
7.17 47.38	1.5	0	0	TC	MTI01
7.2 47.38	1.5	0	0	TC	MTIA4
8.53 47.38	1.5	0	0	TC	SZUZ
8.04 47.39	1.5	0	0	TC	SAARA
10.293358 47.406963	1.5	0	0	TC	OBER
10.97883 47.416309	1.5	0	0	TC	ZUGS
9.31 47.42	1.5	0	0	TC	SGT00
9.38 47.42	1.5	0	0	TC	STGK
9.63 47.42	1.5	0	0	TC	SHEK
8.57 47.46	1.5	0	0	TC	SKLW
9.03 47.46	1.5	0	0	TC	SWIK
7.73226 47.48764	1.5	0	0	TC	SLIES
11.11313 47.497238	1.5	0	0	TC	PART
7.71 47.5	1.5	0	0	TC	SFRA
8.65 47.5	1.5	0	0	TC	STIEG
7.6 47.51	1.5	0	0	TC	SRER
8.73 47.51	1.5	0	0	TC	SWIS
9.43 47.51	1.5	0	0	TC	SARE
7.67 47.53	1.5	0	0	TC	SSCN
7.72 47.53	1.5	0	0	TC	SAUR
8.23 47.53	1.5	0	0	TC	SFEL
8.99 47.53	1.5	0	0	TC	WEIN
7.58 47.54	1.5	0	0	TC	SBIS2
7.72 47.54	1.5	0	0	TC	SKAF
7.6 47.55	1.5	0	0	TC	SBAW
7.65 47.55	1.5	0	0	TC	SMZW
7.81 47.55	1.5	0	0	TC	SRFW
8.34 47.55	1.5	0	0	TC	BOBI
7.58 47.56	1.5	0	0	TC	SBAT
7.59 47.56	1.5	0	0	TC	SBAM2
7.61 47.56	1.5	0	0	TC	SBAV
7.56 47.57	1.5	0	0	TC	SBAP
7.58 47.57	1.5	0	0	TC	SBAJ2
7.59 47.57	1.5	0	0	TC	SBAK
7.62 47.57	1.5	0	0	TC	SRHB
8.57 47.57	1.5	0	0	TC	FLACH
7.603898 47.57775	1.5	0	0	TC	OTER1
7.59 47.58	1.5	0	0	TC	SBAF
7.6 47.58	1.5	0	0	TC	OTTER
7.65 47.58	1.5	0	0	TC	SRHH
7.65 47.59	1.5	0	0	TC	SRHE
7.44 47.620722	1.5	0	0	TC	BLOTZ
9.18 47.65	1.5	0	0	TC	SKRK
13.0125 47.652401	1.5	0	0	TC	BGLD
13.046711 47.696972	1.5	0	0	TC	MASC
8.64 47.71	1.5	0	0	TC	SCHS
12.8671 47.740501	1.5	0	0	TC	RNON
12.729887 47.744171	1.5	0	0	TC	RWMO
12.824082 47.745098	1.5	0	0	TC	RTBE
12.849878 47.754452	1.5	0	0	TC	RTSH
12.864466 47.761658	1.5	0	0	TC	RMOA
18.394 47.7627	1.5	0	0	TC	SRO2
12.818837 47.805721	1.5	0	0	TC	RNHA
18.3133 47.8133	1.5	0	0	TC	SRO
11.5975 48.025799	1.5	0	0	TC	UH5
11.638865 48.03018	1.5	0	0	TC	MGSBH
11.63885 48.030544	1.5	0	0	TC	UH3
11.53563 48.03228	1.5	0	0	TC	UH4
11.682068 48.057861	1.5	0	0	TC	UH2
11.636093 48.081493	1.5	0	0	TC	UH1
11.569399 48.120949	1.5	0	0	TC	SYBAD
11.57208 48.14806	1.5	0	0	TC	MNH
11.2752 48.162899	1.5	0	0	TC	FURT
20.4856 48.4832	1.5	0	0	TC	KECS
19.7126 48.5689	1.5	0	0	TC	IZAB
13.7 48.82	1.5	0	0	TC	GED6
13.72 48.82	1.5	0	0	TC	GED7
13.67969 48.82379	1.5	0	0	TC	GED5
13.69 48.83	1.5	0	0	TC	GEC4
13.69 48.83	1.5	0	0	TC	GEC5
13.7 48.83	1.5	0	0	TC	GEA3
13.7 48.83	1.5	0	0	TC	GEB4
13.71 48.83	1.5	0	0	TC	GEB5
13.71 48.83	1.5	0	0	TC	GEC6
13.73 48.83	1.5	0	0	TC	GED8
13.69765 48.8387	1.5	0	0	TC	GEB2
13.68 48.84	1.5	0	0	TC	GED4
13.69 48.84	1.5	0	0	TC	GEB3
13.69 48.84	1.5	0	0	TC	GEC3
13.7 48.84	1.5	0	0	TC	GEA0
13.7 48.84	1.5	0	0	TC	GEA1
13.7 48.84	1.5	0	0	TC	GEA2
13.7 48.84	1.5	0	0	TC	I26H5
13.71 48.84	1.5	0	0	TC	GEB1
13.71 48.84	1.5	0	0	TC	GEC1
13.71 48.84	1.5	0	0	TC	I26H8
13.72 48.84	1.5	0	0	TC	GED9
13.72 48.84	1.5	0	0	TC	I26H4
13.74 48.84	1.5	0	0	TC	I26H3
13.68 48.85	1.5	0	0	TC	GED3
13.7 48.85	1.5	0	0	TC	GED2
13.71 48.85	1.5	0	0	TC	I26H2
13.71 48.85	1.5	0	0	TC	I26H6
13.71 48.85	1.5	0	0	TC	I26H7
13.72 48.85	1.5	0	0	TC	I26H1
13.713799999999999 48.8516	1.5	0	0	TC	GED1
16.0568 48.9411	1.5	0	0	TC	RUDU
16.3306 48.957	1.5	0	0	TC	SEDU
14.5644 49.0132	1.5	0	0	TC	KLAU
14.2407 49.068	1.5	0	0	TC	PODE
15.9501 49.121	1.5	0	0	TC	MYDU
14.3058 49.1555	1.5	0	0	TC	BILA
16.127 49.2441	1.5	0	0	TC	NADU
14.3606 49.2786	1.5	0	0	TC	DOUB
14.6369 49.3039	1.5	0	0	TC	VRCH
17.172 49.3977	1.5	0	0	TC	SUPC
21.2437 49.4167	1.5	0	0	TC	STHS/SK16A
16.3371 49.5854	1.5	0	0	TC	DUDC
17.3717 49.6218	1.5	0	0	TC	LOSC
16.9742 49.6543	1.5	0	0	TC	LUKC
17.7193 49.7563	1.5	0	0	TC	KLOK
17.2782 49.8002	1.5	0	0	TC	MUVC
16.0658 49.8085	1.5	0	0	TC	RYBC
17.0492 49.8438	1.5	0	0	TC	LIPC
17.7728 49.93433	1.5	0	0	TC	STEB
17.378 50.0738	1.5	0	0	TC	ANAC
16.547 50.1864	1.5	0	0	TC	PIVO
17.4028 50.2088	1.5	0	0	TC	ZLHC
