0.710026 42.572869	1.5	0	0	TC	C125
0.753293 42.557877	1.5	0	0	TC	C126
0.622393 42.610561	1.5	0	0	TC	C127
0.7509 42.6309	1.5	0	0	TC	C128
0.7651 42.6214	1.5	0	0	TC	C129
0.841403 42.562197	1.5	0	0	TC	C130
0.715453 42.4749	1.5	0	0	TC	C131
0.65889 42.498614	1.5	0	0	TC	C132
0.6115 42.6846	1.5	0	0	TC	C133
0.720691 42.478689	1.5	0	0	TC	C137
8.7457 50.0243	1.5	0	0	TC	DREI
8.8691 50.7027	1.5	0	0	TC	EBSD
8.7298 49.7769	1.5	0	0	TC	ERNH
8.5167 49.8252	1.5	0	0	TC	GODD
8.2687 50.3926	1.5	0	0	TC	GWBC
7.9021 50.114	1.5	0	0	TC	GWBD
8.1804 50.1064	1.5	0	0	TC	GWBE
9.1752 50.7273	1.5	0	0	TC	GWBF
7.9876 49.936	1.5	0	0	TC	GWBO
8.7707 49.9035	1.5	0	0	TC	MESS
8.6616 49.8422	1.5	0	0	TC	WBB
8.4938 49.6228	1.5	0	0	TC	WBBU
8.65 49.87	1.5	0	0	TC	WBDA
10.1065 51.1696	1.5	0	0	TC	WBED
8.6502 50.1171	1.5	0	0	TC	WBFM
8.4227 50.5745	1.5	0	0	TC	WBFO
9.3446 50.1704	1.5	0	0	TC	WBG
9.5684 50.4571	1.5	0	0	TC	WBNH
9.89 50.7238	1.5	0	0	TC	WBRD
5.507 50.668	1.5	0	0	TC	ANSA
2.9387 51.2382	1.5	0	0	TC	BOST
5.596 51.139	1.5	0	0	TC	BREA
4.141 50.482	1.5	0	0	TC	BRQ
5.302 50.419	1.5	0	0	TC	CLA
4.28 50.471	1.5	0	0	TC	CLHA
5.06481 51.231667	1.5	0	0	TC	DSLS
5.087 50.384	1.5	0	0	TC	GES
5.774 51.144	1.5	0	0	TC	KINA
5.599 50.64	1.5	0	0	TC	LCH
5.599 50.639	1.5	0	0	TC	LCHA
4.185 50.479	1.5	0	0	TC	LLVA
5.791 51.096	1.5	0	0	TC	MASA
6.009 50.61	1.5	0	0	TC	MEMA
6.009 50.61	1.5	0	0	TC	MEMS
5.086 51.214	1.5	0	0	TC	MOLA
5.086 51.214	1.5	0	0	TC	MOLB
3.953 50.452	1.5	0	0	TC	MONA
4.446 50.389	1.5	0	0	TC	MRCA
6.075 50.512	1.5	0	0	TC	MRG
5.635 51.112	1.5	0	0	TC	OPT
5.636 51.1115	1.5	0	0	TC	OPTB
4.225 50.606	1.5	0	0	TC	RQR
4.08 50.649	1.5	0	0	TC	SKQ
4.282 50.508	1.5	0	0	TC	SNF
5.564 50.583	1.5	0	0	TC	STI
5.558 50.586	1.5	0	0	TC	STIA
5.540802 50.626371	1.5	0	0	TC	STNB
4.11 50.479	1.5	0	0	TC	STTA
5.568 50.657	1.5	0	0	TC	STWA
5.791 50.488	1.5	0	0	TC	THEA
6.13 50.586	1.5	0	0	TC	TNL
4.36038 50.797241	1.5	0	0	TC	UCC
4.36 50.797	1.5	0	0	TC	UCCA
6.0614 50.7789	1.5	0	0	TC	BA01
6.2157 50.7722	1.5	0	0	TC	BA02
6.7941 50.762	1.5	0	0	TC	BA04
6.66368 50.917506	1.5	0	0	TC	BA05
6.7052 50.9196	1.5	0	0	TC	BA06
7.0755 50.9642	1.5	0	0	TC	BA08
6.9945 50.6131	1.5	0	0	TC	BA10
6.501 50.7666	1.5	0	0	TC	BA11
6.1863 50.9091	1.5	0	0	TC	BA12
6.0753 51.0707	1.5	0	0	TC	BA13
6.5661 50.6717	1.5	0	0	TC	BA14
6.6616 51.0301	1.5	0	0	TC	BA16
6.3657 51.2516	1.5	0	0	TC	BA17
6.95777 50.9412	1.5	0	0	TC	BA19
6.9587 50.94131	1.5	0	0	TC	BA20
6.9329 50.9261	1.5	0	0	TC	BA26
6.278102 50.842519	1.5	0	0	TC	BA30
6.409536 50.910536	1.5	0	0	TC	JUE
6.310919 50.646349	1.5	0	0	TC	KLL
6.940659 51.35055	1.5	0	0	TC	LAUG
6.180324 51.144675	1.5	0	0	TC	RODG
11.519922 48.995167	1.5	0	0	TC	ALTM
11.519922 48.995167	1.5	0	0	TC	GRC1
10.157343 50.536598	1.5	0	0	TC	HROE
12.214974 49.971962	1.5	0	0	TC	MGBB
12.23383 50.018635	1.5	0	0	TC	MKON
12.178588 50.083145	1.5	0	0	TC	MROB
11.972771 50.031429	1.5	0	0	TC	MSBB
11.94743 49.962593	1.5	0	0	TC	MZEK
10.624987 48.720268	1.5	0	0	TC	NORI
12.88 49.15	1.5	0	0	TC	RLAS
12.87571 49.14502	1.5	0	0	TC	WETR
1.96546 41.84381	1.5	0	0	TC	AVIN
2.173 41.396	1.5	0	0	TC	BAIN
2.1741 41.3853	1.5	0	0	TC	BAJU
2.794193 41.683943	1.5	0	0	TC	BLAN
2.4923 41.6896	1.5	0	0	TC	CELO
0.554806 41.23606	1.5	0	0	TC	CFLI
2.8278 41.986	1.5	0	0	TC	CGIR
2.82158 41.98088	1.5	0	0	TC	CGIS
2.2884 41.607	1.5	0	0	TC	CGRN
1.836294 41.593324	1.5	0	0	TC	CMON
0.893644 42.160858	1.5	0	0	TC	CTRM
0.6262 41.6153	1.5	0	0	TC	ILER
1.9783 42.4626	1.5	0	0	TC	LLIS
2.15608 41.37007	1.5	0	0	TC	MTJR
2.48925 42.18145	1.5	0	0	TC	OLOS
1.185893 41.134825	1.5	0	0	TC	REUS
1.496256 42.493015	1.5	0	0	TC	SCOL
0.786306 42.706473	1.5	0	0	TC	VIER
0.7969 42.7016	1.5	0	0	TC	VIES
33.61563 34.92436	1.5	0	0	TC	LAR1
33.368677 35.1771	1.5	0	0	TC	LEF1
33.044167 34.675278	1.5	0	0	TC	LEM1
32.4175 34.7605	1.5	0	0	TC	PAF1
33.97621 35.03176	1.5	0	0	TC	PAR1
32.878229 34.922088	1.5	0	0	TC	TRD1
-0.19 38.68	1.5	0	0	TC	EBEN2
0.64 39.9	1.5	0	0	TC	ECOL
2.8886 42.4487	1.5	0	0	TC	EJON
-1.240499 37.842201	1.5	0	0	TC	EMUR
7.830758 48.646091	1.5	0	0	TC	SRPO
9.820347896 52.40431336	1.5	0	0	TC	HANNS
9.82125 52.4048485	1.5	0	0	TC	R1906
10.3313 52.150643	1.5	0	0	TC	SGLNS
13.41822442 52.09690725	1.5	0	0	TC	A807
8.243158715 49.36801973	1.5	0	0	TC	FSHA
8.279274104 49.02979487	1.5	0	0	TC	FSMA
8.272923636 49.15046039	1.5	0	0	TC	FSRU
9.81994 52.40484	1.5	0	0	TC	HAN0D
9.84257 52.40431	1.5	0	0	TC	HAN1
9.82021 52.39718	1.5	0	0	TC	HAN2
9.80987 52.40516	1.5	0	0	TC	HAN3
9.81005 52.40535	1.5	0	0	TC	HAN3S
9.83038 52.41548	1.5	0	0	TC	HAN4
8.05 49.15	1.5	0	0	TC	INS1
8.08 49.1	1.5	0	0	TC	INS3
8.11 49.19	1.5	0	0	TC	INS4B
8.2 49.13	1.5	0	0	TC	INS5
8.19 49.09	1.5	0	0	TC	INS6B
8.21 49.16	1.5	0	0	TC	INS7
8.13 49.26	1.5	0	0	TC	INS8
8.17 49.15	1.5	0	0	TC	INSH
9.139108 52.410132	1.5	0	0	TC	LOCC
8.05 49.18	1.5	0	0	TC	TMO20
8.13 49.14	1.5	0	0	TC	TMO54
8.11 49.23	1.5	0	0	TC	TMO55
8.28 49.17	1.5	0	0	TC	TMO57
8.05 49.22	1.5	0	0	TC	TMO66
9.626576 52.30317	1.5	0	0	TC	WEEZ
13.12508 52.41073	1.5	0	0	TC	WANN
27.29 36.89	1.5	0	0	TC	KOS2
26.71 37.8	1.5	0	0	TC	KRL1
26.57 39.09	1.5	0	0	TC	MYT1
26.37 38.98	1.5	0	0	TC	PLM1
28.224 36.4514	1.5	0	0	TC	RDI1
27.93 36.03	1.5	0	0	TC	RGE1
28.17 36.34	1.5	0	0	TC	RKL1
27.77 35.95	1.5	0	0	TC	RKT1
28.09 36.09	1.5	0	0	TC	RLN1
28.218047 36.448678	1.5	0	0	TC	RPN1
28.0 36.36	1.5	0	0	TC	RSO1
28.12122 36.21356	1.5	0	0	TC	ARG
26.30858 39.33061	1.5	0	0	TC	LESV1
26.17435 39.3685	1.5	0	0	TC	LESV2
28.22116 36.4471	1.5	0	0	TC	RODB
26.180664 39.303248	1.5	0	0	TC	LES3
32.9677 35.2977	1.5	0	0	TC	AKDN
30.1104 39.0541	1.5	0	0	TC	ALT
28.7225 40.9958	1.5	0	0	TC	AVCI
30.034952 37.919364	1.5	0	0	TC	BASM
27.15048 40.28134	1.5	0	0	TC	BIGA
26.6009 39.8098	1.5	0	0	TC	BMYO
27.4304 37.0348	1.5	0	0	TC	BODA
27.4247 37.031	1.5	0	0	TC	BODM
27.981 40.9902	1.5	0	0	TC	BOTS
29.065 40.8846	1.5	0	0	TC	BRGA
29.1278 40.8694	1.5	0	0	TC	BUYA
28.5828 41.0168	1.5	0	0	TC	BUYK
29.3023 37.919364	1.5	0	0	TC	CAME
27.0529 40.0113	1.5	0	0	TC	CANM
28.9071 40.5918	1.5	0	0	TC	ESKY
26.3655 39.756	1.5	0	0	TC	EZNE
28.1769 38.9088	1.5	0	0	TC	GORD
28.6678 40.9908	1.5	0	0	TC	HVHR
29.0854 40.8754	1.5	0	0	TC	HYBA
33.7839 41.3738	1.5	0	0	TC	KMON
29.1918 40.6572	1.5	0	0	TC	KOUK
33.2636 37.174	1.5	0	0	TC	KRMN
29.1987 40.9089	1.5	0	0	TC	KRTL
29.3554 40.7598	1.5	0	0	TC	LAFA
26.6425 40.3151	1.5	0	0	TC	LAPK
27.9448 40.9653	1.5	0	0	TC	MAEG
28.2922 37.9641	1.5	0	0	TC	NAZL
28.0747 38.2762	1.5	0	0	TC	ODEM
31.838 37.4057	1.5	0	0	TC	SEYD
28.239 41.0723	1.5	0	0	TC	SILV
28.5392 40.9998	1.5	0	0	TC	SINB
27.5341 39.1564	1.5	0	0	TC	SOMA
28.0835 39.9627	1.5	0	0	TC	SUSR
29.2657 40.8128	1.5	0	0	TC	TUZL
29.2968 40.8123	1.5	0	0	TC	TZLA
27.24216 39.9364	1.5	0	0	TC	YENI
28.6678 40.9908	1.5	0	0	TC	YKBL
29.3703 40.6953	1.5	0	0	TC	YLVH
31.6872 40.391	1.5	0	0	TC	YUVA
7.5467 49.8797	1.5	0	0	TC	ABH
7.59545 50.46022	1.5	0	0	TC	BEDO
7.8373 50.7308	1.5	0	0	TC	BIW
8.29716 49.91105	1.5	0	0	TC	BODE
8.688076 49.012172	1.5	0	0	TC	BRET
6.778839 49.41214	1.5	0	0	TC	DUP
10.204777 48.583154	1.5	0	0	TC	HDH
7.90083 49.594	1.5	0	0	TC	IMS
8.944474 48.281433	1.5	0	0	TC	IRRE
7.46125 50.32802	1.5	0	0	TC	KOGO
8.14085 49.17648	1.5	0	0	TC	LDE
8.17321 49.20797	1.5	0	0	TC	LDO
8.02452 49.273191	1.5	0	0	TC	MESL
8.0878 49.1717	1.5	0	0	TC	MOER
6.25044 50.26253	1.5	0	0	TC	MUEZ
7.29619 50.42626	1.5	0	0	TC	NICK
7.3575 50.3387	1.5	0	0	TC	OCHT
8.185587 48.496115	1.5	0	0	TC	OPP
7.256826 50.448165	1.5	0	0	TC	PROB
7.28739 50.23734	1.5	0	0	TC	PYRM
7.592778 50.290056	1.5	0	0	TC	RHEN
6.7638 49.7071	1.5	0	0	TC	RIVT
8.1487 49.12909	1.5	0	0	TC	ROTT
6.83148 50.15267	1.5	0	0	TC	TRIT
9.585923 48.837607	1.5	0	0	TC	URBA
10.263874 49.016376	1.5	0	0	TC	WOER
9.448112 48.256128	1.5	0	0	TC	ZWI
4.9212 51.5043	1.5	0	0	TC	CHA1
4.9212 51.5043	1.5	0	0	TC	CHA3
4.9212 51.5043	1.5	0	0	TC	CHA4
4.9212 51.5043	1.5	0	0	TC	CHA5
4.440561 51.775453	1.5	0	0	TC	KLWL
5.7846 51.1687	1.5	0	0	TC	NEER
4.195652 52.004992	1.5	0	0	TC	NLDW
4.557321 51.74369	1.5	0	0	TC	STR
6.740072 52.464256	1.5	0	0	TC	T014
6.978702 52.463356	1.5	0	0	TC	T020
6.978702 52.463356	1.5	0	0	TC	T021
6.978702 52.463356	1.5	0	0	TC	T022
6.978702 52.463356	1.5	0	0	TC	T023
6.978702 52.463356	1.5	0	0	TC	T024
6.79178 52.42968	1.5	0	0	TC	T030
6.79178 52.42968	1.5	0	0	TC	T031
6.79178 52.42968	1.5	0	0	TC	T032
6.79178 52.42968	1.5	0	0	TC	T033
6.79178 52.42968	1.5	0	0	TC	T034
6.89045 52.437466	1.5	0	0	TC	T040
6.89045 52.437466	1.5	0	0	TC	T041
6.89045 52.437466	1.5	0	0	TC	T042
6.89045 52.437466	1.5	0	0	TC	T043
6.89045 52.437466	1.5	0	0	TC	T044
6.905661 52.380554	1.5	0	0	TC	T050
6.905661 52.380554	1.5	0	0	TC	T051
6.905661 52.380554	1.5	0	0	TC	T052
6.905661 52.380554	1.5	0	0	TC	T053
6.905661 52.380554	1.5	0	0	TC	T054
6.909716 52.343227	1.5	0	0	TC	T060
6.909716 52.343227	1.5	0	0	TC	T061
6.909716 52.343227	1.5	0	0	TC	T062
6.909716 52.343227	1.5	0	0	TC	T063
6.909716 52.343227	1.5	0	0	TC	T064
6.996486 52.38933	1.5	0	0	TC	T080
6.996486 52.38933	1.5	0	0	TC	T081
6.996486 52.38933	1.5	0	0	TC	T082
6.996486 52.38933	1.5	0	0	TC	T083
6.996486 52.38933	1.5	0	0	TC	T084
4.371541 51.891502	1.5	0	0	TC	VPR
4.288099 51.913745	1.5	0	0	TC	ZH010
4.288099 51.913745	1.5	0	0	TC	ZH011
4.288099 51.913745	1.5	0	0	TC	ZH012
4.288099 51.913745	1.5	0	0	TC	ZH013
4.288099 51.913745	1.5	0	0	TC	ZH014
4.488386 52.074445	1.5	0	0	TC	ZH020
4.488386 52.074445	1.5	0	0	TC	ZH021
4.488386 52.074445	1.5	0	0	TC	ZH022
4.488386 52.074445	1.5	0	0	TC	ZH023
4.488386 52.074445	1.5	0	0	TC	ZH024
4.400113 51.978334	1.5	0	0	TC	ZH030
4.400113 51.978334	1.5	0	0	TC	ZH031
4.400113 51.978334	1.5	0	0	TC	ZH032
4.400113 51.978334	1.5	0	0	TC	ZH033
4.400113 51.978334	1.5	0	0	TC	ZH034
4.362561 51.841711	1.5	0	0	TC	ZH040
4.362561 51.841711	1.5	0	0	TC	ZH041
4.362561 51.841711	1.5	0	0	TC	ZH042
4.362561 51.841711	1.5	0	0	TC	ZH043
4.362561 51.841711	1.5	0	0	TC	ZH044
4.552365 51.842962	1.5	0	0	TC	ZH051
4.552365 51.842962	1.5	0	0	TC	ZH052
4.552365 51.842962	1.5	0	0	TC	ZH053
4.552365 51.842962	1.5	0	0	TC	ZH054
4.220353 51.978115	1.5	0	0	TC	ZH060
4.220353 51.978115	1.5	0	0	TC	ZH061
4.220353 51.978115	1.5	0	0	TC	ZH062
4.220353 51.978115	1.5	0	0	TC	ZH063
4.220353 51.978115	1.5	0	0	TC	ZH064
4.294567 52.103651	1.5	0	0	TC	ZH070
4.294567 52.103651	1.5	0	0	TC	ZH071
4.294567 52.103651	1.5	0	0	TC	ZH072
4.294567 52.103651	1.5	0	0	TC	ZH073
4.294567 52.103651	1.5	0	0	TC	ZH074
4.37935 52.02549	1.5	0	0	TC	ZH080
4.37935 52.02549	1.5	0	0	TC	ZH081
4.37935 52.02549	1.5	0	0	TC	ZH082
4.37935 52.02549	1.5	0	0	TC	ZH083
4.37935 52.02549	1.5	0	0	TC	ZH084
4.38044 52.02591	1.5	0	0	TC	ZH085
4.38011 52.02474	1.5	0	0	TC	ZH086
4.37942 52.02556	1.5	0	0	TC	ZH087
4.37942 52.02556	1.5	0	0	TC	ZH088
4.2055 50.05862	1.5	0	0	TC	BAIF
7.158735 48.215463	1.5	0	0	TC	ECH
-0.42805 43.0967	1.5	0	0	TC	PYAD
0.797306 43.011889	1.5	0	0	TC	PYAS
3.11711 42.47434	1.5	0	0	TC	PYBA
0.14889 43.0586	1.5	0	0	TC	PYBB
0.1771 43.0236	1.5	0	0	TC	PYCA
2.507 42.814	1.5	0	0	TC	PYFE
1.607 42.968	1.5	0	0	TC	PYFO
1.13606 43.00156	1.5	0	0	TC	PYLI
2.065 42.453	1.5	0	0	TC	PYLL
-0.00846 42.86026	1.5	0	0	TC	PYLS
0.6002 42.7892	1.5	0	0	TC	PYLU
-0.665 43.42	1.5	0	0	TC	PYMO
1.506694 42.782694	1.5	0	0	TC	PYOR
-0.37523 43.295	1.5	0	0	TC	PYPC
2.4153 42.6142	1.5	0	0	TC	PYPD
2.878 42.673	1.5	0	0	TC	PYPE
2.439 42.416	1.5	0	0	TC	PYPM
-1.23361 43.1622	1.5	0	0	TC	PYPP
-0.36528 43.315	1.5	0	0	TC	PYPU
-0.066 43.0992	1.5	0	0	TC	PYSA
1.1358 43.0022	1.5	0	0	TC	PYSL
0.04833 43.2258	1.5	0	0	TC	PYTB
-0.041819 43.0883	1.5	0	0	TC	PYTO
-0.13 46.6	1.5	0	0	TC	SMFF
6.64356 47.9999	1.5	0	0	TC	STDM
7.76553 48.5838	1.5	0	0	TC	STMU
7.76331 48.5797	1.5	0	0	TC	STR
7.02847 49.0761	1.5	0	0	TC	STRO
7.96376 48.8314	1.5	0	0	TC	STSF
-1.2028 45.8986	1.5	0	0	TC	UNIO
7.26969 51.44011	1.5	0	0	TC	BKLB
7.2276 51.4185	1.5	0	0	TC	BPFI
7.279 51.449	1.5	0	0	TC	BTEZ
7.26023 51.45437	1.5	0	0	TC	BULI
7.7943 52.29979	1.5	0	0	TC	IBBE
7.74856 52.28428	1.5	0	0	TC	IBBS
6.82523 51.59472	1.5	0	0	TC	ZER1
6.83842 51.61275	1.5	0	0	TC	ZER3
6.8695 51.6207	1.5	0	0	TC	ZERL
13.35414 50.92117	1.5	0	0	TC	FBE
12.3316 50.3635	1.5	0	0	TC	GUNZ
12.52309 50.6072	1.5	0	0	TC	LEUT
12.4039 50.4118	1.5	0	0	TC	MULD
12.317 50.234	1.5	0	0	TC	ROHR
12.4031 50.6772	1.5	0	0	TC	SCHF
12.137 50.352	1.5	0	0	TC	TRIB
12.307 50.448	1.5	0	0	TC	WERD
12.3761 50.2874	1.5	0	0	TC	WERN
10.41937 51.25384	1.5	0	0	TC	LUHNE
10.5798 51.31555	1.5	0	0	TC	MENTE
10.66725 51.42218	1.5	0	0	TC	MUEN
27.7576 49.9205	1.5	0	0	TC	LUBAR
12.564908 50.214247	1.5	0	0	TC	HRED
12.517075 50.143614	1.5	0	0	TC	KAC
12.51134 50.204956	1.5	0	0	TC	KVCN
12.337667 50.2089	1.5	0	0	TC	PLED
12.501314 50.310878	1.5	0	0	TC	SNED
