5.7025 43.5235
5.77 45.24
5.78 45.23
5.8 45.06
5.81 45.06
5.81 45.06
5.898528 45.120239
6.116735 45.205717
6.13882 46.22761
6.14 46.2
6.57 46.52
6.6219 44.5496
6.64 46.77
6.68 44.35
6.68 44.35
6.7488 44.429
6.7724 44.6756
6.79 47.08
6.8 46.67
6.84 46.83
6.84 46.46
6.91908 46.378
6.93 46.07
6.94 46.29
6.94 44.25
6.95 47.0
6.95 44.26
6.97 46.32
7.02 46.2
7.05 46.63
7.07 46.1
7.1 46.85
7.12 47.37
7.13 46.47
7.16 47.38
7.16 46.79
7.17 47.38
7.17 47.37
7.2 47.38
7.22 46.81
7.22257 46.09583
7.25 47.13
7.26 46.21
7.29985 43.72633
7.34 47.37
7.36 46.24
7.3662 43.739
7.37 46.55
7.38 46.23
7.4 46.19
7.42 46.29
7.43 46.35
7.44 47.620722
7.44 46.95
7.44 46.46
7.49 46.32
7.52 47.21
7.54 46.3
7.54 47.21
7.56 47.57
7.58 47.57
7.58 47.56
7.58 47.54
7.59 47.58
7.59 47.57
7.59 47.56
7.6 47.58
7.6 47.55
7.6 47.51
7.603898 47.57775
7.61 47.56
7.62 47.57
7.62 46.15
7.63 46.74
7.65 47.55
7.65 47.59
7.65 47.58
7.66 46.58
7.67 47.53
7.71 47.5
7.72 47.53
7.72 47.54
7.73226 47.48764
7.74 46.32
7.75 46.02
7.8 46.18
7.81 47.55
7.84 46.19
7.86 46.69
7.88 46.29
7.88 46.29
7.89 46.29
7.93 46.3
7.98 46.32
7.99 46.32
8.0257 46.6242
8.04 47.39
8.19 46.73
8.23 47.53
8.24 46.89
8.27 47.25
8.28 46.9
8.31 47.06
8.31 47.05
8.32 47.05
8.34 47.55
8.36 46.96
8.41 46.82
8.42 46.98
8.5 47.37
8.52 47.19
8.53 47.38
8.57 47.57
8.57 47.46
8.61 46.16
8.64 46.88
8.64 47.71
8.65 46.82
8.65 47.5
8.65 47.02
8.73 47.51
8.79 46.16
8.96 46.01
8.9697 44.4057
8.99 47.53
9.0 46.92
9.03 47.46
9.07 47.04
9.1349 45.2026
9.18 47.65
9.21 46.77
9.296 39.366
9.31 47.42
9.31 47.12
9.35224 47.20475
9.38 47.42
9.4 47.33
9.4291 45.7054
9.43 47.51
9.43 47.15
9.43 47.05
9.45983 47.17139
9.47 47.16
9.47 47.17
9.52 46.86
9.53 46.69
9.54 46.79
9.55 47.21
9.55 47.12
9.63 47.42
9.7247 45.0353
9.75 46.63
9.7622 45.2763
9.83 46.8
9.86 46.51
9.9345 45.6372
10.1 46.7
10.1153 44.0139
10.1273 44.2393
10.128662 45.455464
10.2 46.78
10.217 45.606
10.293358 47.406963
10.3 46.8
10.31064 45.563555
10.3163 44.5834
10.33 46.63
10.3764 46.4694
10.4007 44.184
10.41268 44.41945
10.4664 45.8228
10.504 45.6429
10.62 45.98
10.69 46.43
10.7319 45.6378
10.7897 45.1495
10.9 45.83
10.91987 45.05108
10.949167 44.629722
10.97883 47.416309
11.0465 42.949
11.05 46.4
11.090265 43.957533
11.11313 47.497238
11.1188 44.75587
11.1606 45.523
11.180785 44.004901
11.22813 46.47868
11.2752 48.162899
11.29582 45.00997
11.33 46.05
11.4876 45.4536
11.49165 44.64031
11.5095 43.838
11.53563 48.03228
11.5406 44.9035
11.56 46.28
11.569399 48.120949
11.57208 48.14806
11.5975 48.025799
11.6099 45.64
11.636093 48.081493
11.63885 48.030544
11.638865 48.03018
11.682068 48.057861
11.7341 46.69868
11.74248 44.35955
11.8056 44.580799999999996
11.84695 43.90477
11.877 44.2895
11.9023 45.8003
11.99514 36.81011
12.0131 45.8361
12.05123 42.24795
12.08023 44.28418
12.13136 43.57387
12.1928 43.44685
12.2336 43.4584
12.24433 43.50967
12.28531 43.2786
12.312986 46.011092
12.3205 43.8011
12.345623 37.991327
12.3552 46.015
12.3765 45.4167
12.40222 43.45068
12.40726 43.31516
12.409367 43.370417
12.41034 43.40134
12.413039 43.66482
12.435667 43.381567
12.47033 44.14294
12.496333 43.696
12.51553 41.82842
12.54828 43.47571
12.5873 38.03763
12.5923 41.7805
12.631683 43.811583
12.63994 43.18514
12.68641 43.424
12.72572 43.51777
12.729887 47.744171
12.7595 43.6292
12.76117 43.29483
12.76567 42.57917
12.81459 43.76911
12.818837 47.805721
12.824082 47.745098
12.849878 47.754452
12.864466 47.761658
12.8671 47.740501
12.8942 42.6922
12.931604 43.188561
12.945292 41.847261
12.94762 43.14683
12.96239 41.4939
12.9717 43.1135
12.983759 43.178198
12.9973 43.44183
13.00033 43.63183
13.009601 43.256732
13.0125 47.652401
13.018354 43.843471
13.046711 47.696972
13.04976 42.9621
13.067434 43.238063
13.101667 43.329333
13.1427 43.1927
13.176956 43.228783
13.188976 42.911418
13.194333 43.137868
13.204833 43.091833
13.21452 42.50898
13.2331 43.7052
13.282205 42.634223
13.312848 43.311198
13.326833 42.899333
13.3353 42.6305
13.36 38.16167
13.39654 42.75669
13.399167 43.09667
13.42156 40.79478
13.459709 42.987797
13.469252000000001 43.137378
13.53233 43.60768
13.558 41.5047
13.58658 41.64709
13.595667 43.062
13.60761 37.61864
13.6095 43.37783
13.670091 43.305297
13.67969 48.82379
13.68 48.85
13.68 48.84
13.69 48.84
13.69 48.84
13.69 48.83
13.69 48.83
13.69765 48.8387
13.7 48.84
13.7 48.84
13.7 48.84
13.7 48.83
13.7 48.83
13.7 48.85
13.7 48.82
13.7 48.84
13.71 48.84
13.71 48.83
13.71 48.84
13.71 48.83
13.71 48.85
13.71 48.85
13.71 48.85
13.71 48.84
13.713799999999999 48.8516
13.72 48.82
13.72 48.84
13.72 48.85
13.72 48.84
13.73 48.83
13.74 48.84
13.7614 43.1942
13.813008 41.491036
13.84059 42.39455
13.89522 40.74351
13.91612 40.71089
14.1431 37.9926
14.2407 49.068
14.3058 49.1555
14.3606 49.2786
14.50064 37.02398
14.5345 36.8326
14.5644 49.0132
14.6369 49.3039
14.695 37.931
14.83 37.11112
14.9033 36.7804
14.9906 40.9865
15.002567 40.918446
15.0067 40.837
15.0802 40.6519
15.1222 40.8468
15.1356 37.6892
15.1703 41.8344
15.18 40.93
15.1927 40.7357
15.22713 37.25652
15.2433 40.5609
15.34 41.51
15.3852 41.012
15.4043 40.903
15.427 40.7408
15.4633 40.8181
15.5114 40.5573
15.5114 40.6951
15.5225 40.542
15.5365 40.3799
15.5721 40.6052
15.5782 40.7889
15.58 41.72
15.59 41.69
15.6 41.66
15.6369 40.7153
15.65 41.71
15.714499 38.25629
15.72 41.62
15.7296 40.4256
15.8179 38.1723
15.82888 38.16807
15.8531 39.7405
15.901 40.336
15.91 41.63
15.91 41.9
15.9501 49.121
16.05424 38.07323
16.0568 48.9411
16.0658 49.8085
16.0759 40.19924
16.127 49.2441
16.18 41.88
16.3306 48.957
16.3371 49.5854
16.338806 39.291028
16.42002 38.82213
16.435 40.3814
16.547 50.1864
16.627906 38.983001
16.8191 40.60325
16.88 41.11
16.9742 49.6543
16.979492 39.283981
17.0492 49.8438
17.172 49.3977
17.2782 49.8002
17.3717 49.6218
17.378 50.0738
17.4028 50.2088
17.7193 49.7563
17.7728 49.93433
18.3133 47.8133
18.394 47.7627
19.7126 48.5689
20.3848 38.2036
20.4165 38.3172
20.4856 48.4832
21.2437 49.4167
22.04364 38.24676
23.21098 38.3727
23.268776 38.301522
23.331963000000002 38.29896
23.336006 38.329826
23.39447 38.38777
23.86669 39.14804
24.0402 35.5074
25.163418 35.093273
25.9183 40.1998
26.1406 40.607
26.6322 41.1288
26.9852 41.3949
27.5351 40.9893
27.5374 40.9862
27.8215 41.1428
