19.656 40.7232
19.6187 40.7302
11.6389 48.03025
11.569388 48.120955
9.310302 47.423989
15.643891 43.654255
25.9217 48.2975
26.46 48.563
25.06454 48.3137
23.51239 48.51207
24.16624 48.02591
22.2908 48.6289
22.638547 38.360508
20.4165 38.3172
20.3848 38.2036
23.94087 38.12253
22.846994 38.280425
23.6473 38.5694
23.331963 38.29896
25.163418 35.093273
23.44356 37.74806
25.893836 36.831561
25.77262 36.35675
26.35295 36.54552
25.24974 35.22672
25.24623 35.07685
22.791108 38.627687
22.487383 38.099492
26.94695 36.70273
24.40171 36.68984
25.34539 36.43561
25.37244 36.47337
23.39447 38.38777
23.21098 38.3727
23.336006 38.329826
25.43832 36.34564
25.4008 36.4091
25.3479 36.4172
25.47877 36.407
9.296 39.366
14.5345 36.8326
16.2205 38.2705
15.1356 37.6892
13.60761 37.61864
13.36 38.16167
11.99514 36.81011
16.627906 38.983001
16.338806 39.291028
19.5152 42.8505
22.519669 44.667165
15.8179 38.1723
16.034446 40.328033
15.906211 40.275704
16.040405 40.278168
15.887608 40.229581
15.972221 40.241083
15.951559 40.34209
