19.656 40.6432	1.5	0	1	TC	AC.BPA1
19.6187 40.6502	1.5	0	1	TC	AC.BPA2
11.6389 47.9503	1.5	0	1	TC	BW.MGSBH
11.5694 48.041	1.5	0	1	TC	BW.SYBAD
9.3103 47.344	1.5	0	1	TC	CH.SGT00
15.6439 43.5743	1.5	0	1	TC	CR.ZIRJ
25.9217 48.2175	1.5	0	1	TC	CSNU.CHR
26.46 48.483	1.5	0	1	TC	CSNU.KMPU
25.0645 48.2337	1.5	0	1	TC	CSNU.KSV
23.5124 48.4321	1.5	0	1	TC	CSNU.MEZ
24.1662 47.9459	1.5	0	1	TC	CSNU.RAKU
22.2908 48.5489	1.5	0	1	TC	CSNU.UZH
22.6385 38.2805	1.5	0	1	TC	HA.ANTK
20.4165 38.2372	1.5	0	1	TC	HA.ATHR
20.3848 38.1236	1.5	0	1	TC	HA.HAVD
23.9409 38.0425	1.5	0	1	TC	HA.MRTH
22.847 38.2004	1.5	0	1	TC	HA.PRDM
23.6473 38.4894	1.5	0	1	TC	HA.PSAH
23.332 38.219	1.5	0	1	TC	HA.THIV
25.1634 35.0133	1.5	0	1	TC	HC.TEFL
23.4436 37.6681	1.5	0	1	TC	HL.AIGN
25.8938 36.7516	1.5	0	1	TC	HL.AMGA
25.2497 35.1467	1.5	0	1	TC	HL.CRE1
25.2462 34.9968	1.5	0	1	TC	HL.CRE3
22.7911 38.5477	1.5	0	1	TC	HL.ELAT
22.4874 38.0195	1.5	0	1	TC	HL.ELIN
26.947 36.6227	1.5	0	1	TC	HL.KOSD
24.4017 36.6098	1.5	0	1	TC	HL.MHLO
25.3454 36.3556	1.5	0	1	TC	HL.SAP3
25.3724 36.3934	1.5	0	1	TC	HL.SAP4
23.3945 38.3078	1.5	0	1	TC	HL.THI1
23.211 38.2927	1.5	0	1	TC	HL.THI2
23.336 38.2498	1.5	0	1	TC	HL.THVA
9.296 39.286	1.5	0	1	TC	IV.CGL
14.5345 36.7526	1.5	0	1	TC	IV.CROCE
16.2205 38.1905	1.5	0	1	TC	IV.CSGE1
15.1356 37.6092	1.5	0	1	TC	IV.EVRN
13.6076 37.5386	1.5	0	1	TC	IV.MCT
13.36 38.0817	1.5	0	1	TC	IV.MPG
11.9951 36.7301	1.5	0	1	TC	IV.PANTE
16.6279 38.903	1.5	0	1	TC	IV.SELL
16.3388 39.211	1.5	0	1	TC	IV.SPS2
19.5152 42.7705	1.5	0	1	TC	ME.KOME
22.5197 44.5872	1.5	0	1	TC	SJ.DJES
15.8179 38.0923	1.5	0	1	TC	TV.GMB1
16.0344 40.248	1.5	0	1	TC	VD.ARMEN
15.9062 40.1957	1.5	0	1	TC	VD.GRUME
16.0404 40.1982	1.5	0	1	TC	VD.MONTM
15.8876 40.1496	1.5	0	1	TC	VD.SARSB
15.9722 40.1611	1.5	0	1	TC	VD.SPINS
15.9516 40.2621	1.5	0	1	TC	VD.VIGGN
