23.6368 42.911300000000004	1.5	0	1	TC	BG06A
24.4924 42.8858	1.5	0	1	TC	BG07A
24.7644 42.5195	1.5	0	1	TC	BG08A
25.3314 42.4515	1.5	0	1	TC	BG09A
25.8048 42.333	1.5	0	1	TC	BG10A
22.8315 42.2087	1.5	0	1	TC	BG14A
23.524799 41.967798	1.5	0	1	TC	BG15A
23.9861 42.112700000000004	1.5	0	1	TC	BG16A
24.1448 41.6861	1.5	0	1	TC	BG17A
25.8063 41.440400000000004	1.5	0	1	TC	BG18A
22.7977 43.800000000000004	1.5	0	1	TC	BG20A
23.1161 43.3254	1.5	0	1	TC	BG21A
24.0802 43.5674	1.5	0	1	TC	BG22A
25.5778 41.9657	1.5	0	1	TC	DIM
23.4355 43.6098	1.5	0	1	TC	VLD
