23.290622 41.285234
24.159552 41.159824
24.882464 41.149776
24.96409 40.980426
25.598931 40.868657
26.271823 41.33885
22.020757 40.784455
23.687219 40.660191
21.594281 40.48323
22.189651 40.522773
22.541959 40.470873
23.185904 40.351632
20.578799 39.900044
21.047022 39.940931
21.938318 40.041597
21.630671 39.733743
22.668355 39.728109
20.016319 39.404692
21.746351 39.235059
22.513179 39.372623
22.826363 39.089484
23.229 38.807616
22.194394 38.688703
23.410702 38.399989
24.248435 38.21759
21.14024 37.889878
21.922542 37.704209
22.577381 37.521743
22.521211 37.033063
22.987585 36.967115
22.333655 36.762178
22.8692 37.8902
22.659 38.7664
23.786496 38.406639
23.5847 38.7047
23.3122 38.1642
21.138042 40.196088
21.851105 42.278931
20.883877 42.013111
21.989772 41.196094
22.88863 41.419066
21.330448 41.031993
22.306849 42.109081
21.246682 41.369637
20.792405 41.111682
21.755845 41.778615
21.434422 41.971467
22.43792 41.77559
22.564576 41.321616
20.558015 41.479627
