19.945503 40.708125 0.0 80 80
19.717809 41.636682 0.0 80 80
20.5987 40.149899 0.0 80 80
20.4408 41.6847 0.0 80 80
20.0094 40.2947 0.0 80 80
19.548644 42.346311 0.0 80 80
19.396256 41.408543 0.0 80 80
20.004754 41.601527 0.0 80 80
19.561664 41.007329 0.0 80 80
20.391578 40.705436 0.0 80 80
19.75824 40.088959 0.0 80 80
20.678901 40.899572 0.0 80 80
20.102453 41.105004 0.0 80 80
20.401716 42.073023 0.0 80 80
23.290622 41.285234 0.0 80 80
24.159552 41.159824 0.0 80 80
24.882464 41.149776 0.0 80 80
24.96409 40.980426 0.0 80 80
25.598931 40.868657 0.0 80 80
26.271823 41.33885 0.0 80 80
22.020757 40.784455 0.0 80 80
23.687219 40.660191 0.0 80 80
21.594281 40.48323 0.0 80 80
22.189651 40.522773 0.0 80 80
22.541959 40.470873 0.0 80 80
23.185904 40.351632 0.0 80 80
20.578799 39.900044 0.0 80 80
21.047022 39.940931 0.0 80 80
21.938318 40.041597 0.0 80 80
21.630671 39.733743 0.0 80 80
22.668355 39.728109 0.0 80 80
20.016319 39.404692 0.0 80 80
21.746351 39.235059 0.0 80 80
22.513179 39.372623 0.0 80 80
22.826363 39.089484 0.0 80 80
23.229 38.807616 0.0 80 80
22.194394 38.688703 0.0 80 80
23.410702 38.399989 0.0 80 80
24.248435 38.21759 0.0 80 80
21.14024 37.889878 0.0 80 80
21.922542 37.704209 0.0 80 80
22.577381 37.521743 0.0 80 80
22.521211 37.033063 0.0 80 80
22.987585 36.967115 0.0 80 80
22.333655 36.762178 0.0 80 80
22.8692 37.8902 0.0 80 80
22.659 38.7664 0.0 80 80
23.786496 38.406639 0.0 80 80
23.5847 38.7047 0.0 80 80
23.3122 38.1642 0.0 80 80
21.138042 40.196088 0.0 80 80
21.4378 42.4605 0.0 80 80
21.219657 42.65881 0.0 80 80
20.278331 42.642563 0.0 80 80
20.758149 42.210768 0.0 80 80
20.9378 42.8728 0.0 80 80
20.6231 42.4481 0.0 80 80
18.53895 42.9015 0.0 80 80
19.1844 42.1866 0.0 80 80
19.5152 42.8505 0.0 80 80
19.880726 42.845988 0.0 80 80
19.121894 43.155736 0.0 80 80
19.357467 43.350204 0.0 80 80
18.50915 42.45971 0.0 80 80
18.952912 42.766997 0.0 80 80
19.95867 42.59444 0.0 80 80
19.2497 41.96337 0.0 80 80
21.851105 42.278931 0.0 80 80
20.883877 42.013111 0.0 80 80
21.989772 41.196094 0.0 80 80
22.88863 41.419066 0.0 80 80
21.330448 41.031993 0.0 80 80
22.306849 42.109081 0.0 80 80
21.246682 41.369637 0.0 80 80
20.792405 41.111682 0.0 80 80
21.755845 41.778615 0.0 80 80
21.434422 41.971467 0.0 80 80
22.43792 41.77559 0.0 80 80
22.564576 41.321616 0.0 80 80
20.558015 41.479627 0.0 80 80
