10.928 46.5068 0.0 60 60
11.8805 46.6246 0.0 60 60
13.128 45.8193 0.0 60 60
12.621 45.6198 0.0 60 60
11.9713 45.6335 0.0 60 60
12.3182 45.3443 0.0 60 60
8.768451 45.379418 0.0 60 60
8.361122 45.622598 0.0 60 60
8.288635 45.237928 0.0 60 60
9.383602 45.137131 0.0 60 60
7.880076 44.535805 0.0 60 60
9.836959 44.873936 0.0 60 60
12.069651 44.983948 0.0 60 60
11.435935 44.660509 0.0 60 60
16.287281 45.360854 0.0 60 60
17.248394 45.417427 0.0 60 60
16.119632 46.003868 0.0 60 60
16.019522 45.843687 0.0 60 60
15.78778 45.8698396 0.0 60 60
16.24402 46.16748 0.0 60 60
16.119632 46.003868 0.0 60 60
15.4719 45.728763 0.0 60 60
16.44209 43.17475 0.0 60 60
15.84483 45.506551 0.0 60 60
15.57944 45.4075 0.0 60 60
16.90884 45.26954 0.0 60 60
16.612595 45.74821 0.0 60 60
15.697693 45.818786 0.0 60 60
16.188016 45.424458 0.0 60 60
16.27109 45.42706 0.0 60 60
16.59289 45.314612 0.0 60 60
18.404567 45.196685 0.0 60 60
19.044115 45.325987 0.0 60 60
15.556 44.08133 0.0 60 60
15.94117 44.10783 0.0 60 60
15.97333 43.86133 0.0 60 60
16.28067 43.82183 0.0 60 60
16.05783 43.59033 0.0 60 60
16.373 43.66433 0.0 60 60
16.582 43.8255 0.0 60 60
16.61083 43.517 0.0 60 60
16.90317 43.48583 0.0 60 60
17.21867 43.34217 0.0 60 60
17.37367 43.20667 0.0 60 60
17.61 42.98683 0.0 60 60
8.327315 46.010724 0.0 60 60
8.4388 46.13512 0.0 60 60
8.288 45.9358 0.0 60 60
18.96271 43.62646 0.0 60 60
18.42409 43.87458 0.0 60 60
17.688522 43.821239 0.0 60 60
17.793517 43.348317 0.0 60 60
18.585392 43.169517 0.0 60 60
18.446322 43.502236 0.0 60 60
18.036111 43.751114 0.0 60 60
18.008219 44.235739 0.0 60 60
16.615556 44.785611 0.0 60 60
17.165691 44.068548 0.0 60 60
16.531313 44.481844 0.0 60 60
17.157294 44.393089 0.0 60 60
16.320242 44.890764 0.0 60 60
17.657208 44.513557 0.0 60 60
18.464769 45.058136 0.0 60 60
18.089228 44.726258 0.0 60 60
18.551372 44.383708 0.0 60 60
18.997248 44.770368 0.0 60 60
19.093175 44.398208 0.0 60 60
17.662483 45.092811 0.0 60 60
