18.42409 43.87458 0.0 80 80
17.688522 43.821239 0.0 80 80
17.793517 43.348317 0.0 80 80
18.036111 43.751114 0.0 80 80
18.008219 44.235739 0.0 80 80
16.615556 44.785611 0.0 80 80
18.551372 44.383708 0.0 80 80
18.96271 43.62646 0.0 80 80
18.585392 43.169517 0.0 80 80
18.446322 43.502236 0.0 80 80
17.165691 44.068548 0.0 80 80
16.531313 44.481844 0.0 80 80
17.157294 44.393089 0.0 80 80
16.320242 44.890764 0.0 80 80
17.657208 44.513557 0.0 80 80
18.464769 45.058136 0.0 80 80
18.089228 44.726258 0.0 80 80
18.997248 44.770368 0.0 80 80
19.093175 44.398208 0.0 80 80
17.662483 45.092811 0.0 80 80
16.287281 45.360854 0.0 80 80
17.248394 45.417427 0.0 80 80
16.119632 46.003868 0.0 80 80
15.78778 45.8698396 0.0 80 80
16.24402 46.16748 0.0 80 80
15.4719 45.728763 0.0 80 80
15.57944 45.4075 0.0 80 80
15.84483 45.506551 0.0 80 80
15.57944 45.4075 0.0 80 80
16.90884 45.26954 0.0 80 80
16.612595 45.74821 0.0 80 80
15.697693 45.818786 0.0 80 80
16.188016 45.424458 0.0 80 80
16.27109 45.42706 0.0 80 80
16.59289 45.314612 0.0 80 80
18.404567 45.196685 0.0 80 80
19.044115 45.325987 0.0 80 80
15.55595 44.08133 0.0 80 80
15.94115 44.10775 0.0 80 80
15.97339 43.86128 0.0 80 80
16.28067 43.82178 0.0 80 80
16.05788 43.59037 0.0 80 80
16.37304 43.66427 0.0 80 80
16.58204 43.82542 0.0 80 80
16.61076 43.51695 0.0 80 80
16.90315 43.48575 0.0 80 80
17.21874 43.34215 0.0 80 80
17.37366 43.20671 0.0 80 80
17.60992 42.98679 0.0 80 80
10.928 46.5068 0.0 80 80
11.8805 46.6246 0.0 80 80
13.127954 45.819313 0.0 80 80
12.620993 45.619781 0.0 80 80
11.9713 45.6335 0.0 80 80
12.3182 45.3443 0.0 80 80
8.768451 45.379418 0.0 80 80
8.361122 45.622598 0.0 80 80
8.288635 45.237928 0.0 80 80
9.383602 45.137131 0.0 80 80
7.880076 44.535805 0.0 80 80
9.836959 44.873936 0.0 80 80
12.069651 44.983948 0.0 80 80
11.435935 44.660509 0.0 80 80
8.327315 46.010724 0.0 80 80
8.4388 46.13512 0.0 80 80
8.288 45.9358 0.0 80 80
