25.06454 48.3137 0.0 60 60
27.1119 48.0311 0.0 60 60
28.3517 47.4524 0.0 60 60
28.6553 46.3003 0.0 60 60
23.51239 48.51207 0.0 60 60
23.45661 48.19759 0.0 60 60
24.16624 48.02591 0.0 60 60
24.545 47.841 0.0 60 60
22.62305 49.01619 0.0 60 60
27.669172 43.1195367 0.0 60 60
27.1932163 43.6885834 0.0 60 60
27.7089688 43.6287568 0.0 60 60
26.9381081 43.1321836 0.0 60 60
26.4608157 42.8336613 0.0 60 60
27.1993406 42.6037396 0.0 60 60
23.63689 42.991448 0.0 60 60
24.49 42.96 0.0 60 60
24.76 42.59 0.0 60 60
25.331197 42.531642 0.0 60 60
25.804958 42.413133 0.0 60 60
26.2548328 42.0614521 0.0 60 60
26.7803679 42.1181898 0.0 60 60
27.72946 42.0875621 0.0 60 60
22.831374 42.288958 0.0 60 60
23.524965 42.047733 0.0 60 60
23.988035 42.192493 0.0 60 60
24.145215 41.766003 0.0 60 60
25.807248 41.520753 0.0 60 60
25.9562249 43.7176294 0.0 60 60
22.797826 43.879918 0.0 60 60
23.116078 43.405501 0.0 60 60
24.0802 43.6474 0.0 60 60
25.5778 42.0457 0.0 60 60
28.877099 44.7659321 0.0 60 60
22.6842196 49.0638537 0.0 60 60
22.536529 49.377962 0.0 60 60
22.896893 50.0216728 0.0 60 60
23.228785 50.2396867 0.0 60 60
22.120825 49.259841 0.0 60 60
22.137023 49.593843 0.0 60 60
22.404111 49.943115 0.0 60 60
22.6766233 50.3762967 0.0 60 60
21.405213 49.641672 0.0 60 60
21.889923 49.9045362 0.0 60 60
22.1171633 50.229965 0.0 60 60
21.929433 50.579161 0.0 60 60
20.923406 49.596788 0.0 60 60
21.069613 49.879362 0.0 60 60
21.4761583 50.2310283 0.0 60 60
21.3554771 50.5923974 0.0 60 60
20.30111 49.600797 0.0 60 60
20.5063206 49.9698008 0.0 60 60
20.94424 50.283043 0.0 60 60
19.8706428 49.5583546 0.0 60 60
20.0736794 49.835914 0.0 60 60
20.323381 50.233895 0.0 60 60
19.004227 49.723945 0.0 60 60
19.173745 50.1902236 0.0 60 60
18.708992 49.902233 0.0 60 60
17.6944065 50.1442223 0.0 60 60
18.35449907 50.06966281 0.0 60 60
19.861766 49.294 0.0 60 60
18.99225 50.29087 0.0 60 60
19.605 49.9073 0.0 60 60
23.7148 46.235 0.0 60 60
25.3083 46.9461 0.0 60 60
23.8756133 44.7765142 0.0 60 60
27.4472 45.0784 0.0 60 60
24.3136466 44.9801045 0.0 60 60
22.3387 47.3108 0.0 60 60
27.123 46.35 0.0 60 60
20.9038 45.7162 0.0 60 60
21.7778656 45.1564886 0.0 60 60
22.8129 44.9836 0.0 60 60
25.599565 44.5828828 0.0 60 60
24.7919302 43.8298535 0.0 60 60
22.2469 46.4082 0.0 60 60
24.3981961 44.3138567 0.0 60 60
26.574984 44.1142259 0.0 60 60
25.4752 45.0282 0.0 60 60
23.2152 45.63263 0.0 60 60
23.31579 45.15239 0.0 60 60
22.0971517 45.3875322 0.0 60 60
21.8528 46.6164 0.0 60 60
24.8165 45.7651 0.0 60 60
23.7265 45.8661 0.0 60 60
20.6203 45.8832 0.0 60 60
21.5762 45.9792 0.0 60 60
22.53426 46.02433 0.0 60 60
27.1065 46.8187 0.0 60 60
24.529245 46.835861 0.0 60 60
24.995758 46.146149 0.0 60 60
25.690418 47.210884 0.0 60 60
21.3114 46.2776 0.0 60 60
23.8246 47.2213 0.0 60 60
26.6592 47.2784 0.0 60 60
22.9964 46.4139 0.0 60 60
25.8537 46.3941 0.0 60 60
25.123985 47.340267 0.0 60 60
24.4502 47.4602 0.0 60 60
25.940386 47.683804 0.0 60 60
26.646 47.7358 0.0 60 60
26.0556 46.6205 0.0 60 60
25.6834 45.2178 0.0 60 60
27.4389 45.4599 0.0 60 60
27.2557 46.6206 0.0 60 60
25.9743289 44.2228719 0.0 60 60
23.4355 43.6898 0.0 60 60
