9.761312 46.047153 0.0 60 60
15.161949 48.348264 0.0 60 60
18.96271 43.62646 0.0 60 60
18.42409 43.87458 0.0 60 60
17.688522 43.821239 0.0 60 60
17.793517 43.348317 0.0 60 60
18.585392 43.169517 0.0 60 60
18.446322 43.502236 0.0 60 60
18.036111 43.751114 0.0 60 60
18.008219 44.235739 0.0 60 60
16.615556 44.785611 0.0 60 60
17.165691 44.068548 0.0 60 60
16.531313 44.481844 0.0 60 60
17.157294 44.393089 0.0 60 60
16.320242 44.890764 0.0 60 60
17.657208 44.513557 0.0 60 60
18.464769 45.058136 0.0 60 60
18.089228 44.726258 0.0 60 60
18.551372 44.383708 0.0 60 60
18.997248 44.770368 0.0 60 60
19.093175 44.398208 0.0 60 60
17.662483 45.092811 0.0 60 60
19.52794 49.918193 0.0 60 60
13.30632 48.12299 0.0 60 60
14.2845 48.864 0.0 60 60
17.8278 49.3655 0.0 60 60
11.923009 48.307253 0.0 60 60
20.5675 46.7123 0.0 60 60
20.5374 48.4955 0.0 60 60
