16.590442 48.728694 0.0 80 80
16.594215 48.362882 0.0 80 80
17.053046 47.758925 0.0 80 80
16.397063 47.962876 0.0 80 80
16.205439 48.371921 0.0 80 80
15.652187 48.368663 0.0 80 80
15.958719 47.40859 0.0 80 80
15.585996 47.603986 0.0 80 80
15.406258 48.063503 0.0 80 80
14.649613 48.301372 0.0 80 80
14.758903 47.947999 0.0 80 80
15.077621 47.743667 0.0 80 80
15.085607 47.445667 0.0 80 80
15.298745 46.94884 0.0 80 80
15.825348 46.756569 0.0 80 80
14.139852 48.100199 0.0 80 80
18.220939 49.150114 0.0 80 80
18.464488 48.804489 0.0 80 80
17.104104 48.715571 0.0 80 80
17.674728 48.604392 0.0 80 80
18.335925 48.446947 0.0 80 80
18.999038 48.233339 0.0 80 80
17.789761 48.244305 0.0 80 80
18.352506 48.015155 0.0 80 80
17.655876 47.829403 0.0 80 80
20.51315 44.69595 0.0 80 80
22.01765 44.09043 0.0 80 80
20.152395 43.576676 0.0 80 80
19.8 45.75 0.0 80 80
20.7703554348915 45.188620289546 0.0 80 80
21.120913 43.214253 0.0 80 80
21.215175 44.265486 0.0 80 80
19.528069 44.549344 0.0 80 80
22.125741 42.96621 0.0 80 80
14.99364 48.93337 0.0 80 80
14.07072 48.46082 0.0 80 80
14.41648 47.52074 0.0 80 80
14.551554 46.933176 0.0 80 80
14.00737 46.8159 0.0 80 80
13.949906 47.094808 0.0 80 80
13.76105 47.43007 0.0 80 80
13.5612 47.8277 0.0 80 80
13.49746 48.42719 0.0 80 80
13.125997 47.479741 0.0 80 80
13.07875 46.90914 0.0 80 80
12.64199 47.160486 0.0 80 80
12.308427 47.378903 0.0 80 80
14.1494 49.6168 0.0 80 80
14.0739 49.2705 0.0 80 80
14.7074 49.2288 0.0 80 80
14.9288 49.684 0.0 80 80
15.0341 50.0752 0.0 80 80
15.6502 50.061 0.0 80 80
15.6077 49.6959 0.0 80 80
15.7007 48.9434 0.0 80 80
16.1962 49.4392 0.0 80 80
16.1457 49.8528 0.0 80 80
16.8893 49.7049 0.0 80 80
17.2919 49.4305 0.0 80 80
17.092 49.1521 0.0 80 80
9.656632 48.126633 0.0 80 80
11.849163 47.752801 0.0 80 80
11.003359 47.683648 0.0 80 80
12.391497 47.869337 0.0 80 80
12.975 48.2928 0.0 80 80
12.47666 48.509432 0.0 80 80
16.70589 47.28327 0.0 80 80
17.148597 46.952098 0.0 80 80
16.520261 46.864247 0.0 80 80
17.314765 46.640763 0.0 80 80
17.289686 46.159675 0.0 80 80
17.795495 46.424445 0.0 80 80
18.264761 46.525589 0.0 80 80
18.481994 46.946341 0.0 80 80
18.834197 47.154749 0.0 80 80
18.965496 46.744449 0.0 80 80
17.81597 45.916386 0.0 80 80
10.733358 48.165076 0.0 80 80
19.7699 50.1167 0.0 80 80
19.8105 50.0162 0.0 80 80
19.9698 49.9093 0.0 80 80
20.0818 49.7469 0.0 80 80
20.2179 49.6558 0.0 80 80
20.2481 49.5126 0.0 80 80
20.2689 49.4611 0.0 80 80
20.297 49.3358 0.0 80 80
20.2717 49.2716 0.0 80 80
20.2821 49.1637 0.0 80 80
20.322 49.0345 0.0 80 80
20.2652 48.9167 0.0 80 80
20.2836 48.7901 0.0 80 80
20.3406 48.7117 0.0 80 80
20.4674 48.6363 0.0 80 80
20.5208 48.5567 0.0 80 80
20.5399 48.3421 0.0 80 80
20.511 48.2191 0.0 80 80
19.6202 47.3446 0.0 80 80
20.525 48.1222 0.0 80 80
19.5997 47.9038 0.0 80 80
19.4386 46.8138 0.0 80 80
21.137 47.5518 0.0 80 80
20.5675 46.7123 0.0 80 80
21.9143 47.9812 0.0 80 80
17.9238 47.4313 0.0 80 80
18.3824 47.6386 0.0 80 80
19.0186 47.8452 0.0 80 80
21.1677 47.9245 0.0 80 80
20.826788 47.182768 0.0 80 80
20.0345 46.9877 0.0 80 80
20.079 46.4475 0.0 80 80
19.729025 46.332947 0.0 80 80
19.130978 46.327959 0.0 80 80
20.255839 47.640487 0.0 80 80
21.158993 46.909806 0.0 80 80
20.5374 48.4955 0.0 80 80
18.80446 49.47437 0.0 80 80
19.3039 49.45482 0.0 80 80
18.86106 49.1745 0.0 80 80
19.13803 48.86676 0.0 80 80
19.14271 48.50926 0.0 80 80
19.75251 48.9247 0.0 80 80
19.71261 48.56895 0.0 80 80
20.18784 48.84852 0.0 80 80
19.99421 48.3175 0.0 80 80
20.69957 49.31546 0.0 80 80
20.742376 49.00075 0.0 80 80
20.51141 48.70615 0.0 80 80
21.24357 49.41712 0.0 80 80
21.23942 49.20663 0.0 80 80
21.174 48.91368 0.0 80 80
21.93277 49.24889 0.0 80 80
21.60924 49.21382 0.0 80 80
21.99737 49.01312 0.0 80 80
21.72127 48.61993 0.0 80 80
