27.66911 43.11949 0.0 80 80
27.1933 43.68857 0.0 80 80
27.70896 43.62874 0.0 80 80
26.93805 43.13219 0.0 80 80
26.46095 42.83369 0.0 80 80
27.19934 42.60374 0.0 80 80
23.6368 42.9913 0.0 80 80
24.4924 42.9658 0.0 80 80
24.7644 42.5995 0.0 80 80
25.3314 42.5315 0.0 80 80
25.8048 42.413 0.0 80 80
26.25492 42.06144 0.0 80 80
26.78039 42.11819 0.0 80 80
27.72937 42.08762 0.0 80 80
22.8315 42.2887 0.0 80 80
23.524799 42.047798 0.0 80 80
23.9861 42.1927 0.0 80 80
24.1448 41.7661 0.0 80 80
25.8063 41.5204 0.0 80 80
25.95611 43.71763 0.0 80 80
22.7977 43.88 0.0 80 80
23.1161 43.4054 0.0 80 80
24.0802 43.6474 0.0 80 80
25.5778 42.0457 0.0 80 80
23.4355 43.6898 0.0 80 80
27.1119 48.0311 0.0 80 80
28.3517 47.4524 0.0 80 80
28.6553 46.3003 0.0 80 80
22.68422 49.063854 0.0 80 80
22.536529 49.377962 0.0 80 80
22.896893 50.021673 0.0 80 80
23.228785 50.239687 0.0 80 80
22.120825 49.259841 0.0 80 80
22.137023 49.593843 0.0 80 80
22.404111 49.943115 0.0 80 80
22.676623 50.376297 0.0 80 80
21.405213 49.641672 0.0 80 80
21.889923 49.904536 0.0 80 80
22.117163 50.229965 0.0 80 80
21.929433 50.579161 0.0 80 80
20.923406 49.596788 0.0 80 80
21.069613 49.879362 0.0 80 80
21.476158 50.231028 0.0 80 80
21.3554771 50.5923974 0.0 80 80
20.30111 49.600797 0.0 80 80
20.5063206 49.9698008 0.0 80 80
20.94424 50.283043 0.0 80 80
19.8706428 49.5583546 0.0 80 80
20.0736794 49.835914 0.0 80 80
20.323381 50.233895 0.0 80 80
19.004227 49.723945 0.0 80 80
19.17382 50.19022 0.0 80 80
18.708992 49.902233 0.0 80 80
17.694362 50.144238 0.0 80 80
18.354499 50.069663 0.0 80 80
19.861766 49.294 0.0 80 80
18.99225 50.29087 0.0 80 80
19.605 49.9073 0.0 80 80
28.87704 44.76593 0.0 80 80
23.7148 46.235 0.0 80 80
25.3083 46.9461 0.0 80 80
23.87571 44.77653 0.0 80 80
27.4472 45.0784 0.0 80 80
24.31363 44.98011 0.0 80 80
22.3387 47.3108 0.0 80 80
27.1288 46.342 0.0 80 80
24.545 47.841 0.0 80 80
20.9038 45.7162 0.0 80 80
21.7779 45.1565 0.0 80 80
22.8129 44.9836 0.0 80 80
25.59964 44.58287 0.0 80 80
24.79191 43.82988 0.0 80 80
22.2469 46.4082 0.0 80 80
24.39825 44.31383 0.0 80 80
26.57504 44.1142 0.0 80 80
25.4752 45.0282 0.0 80 80
23.2152 45.6326 0.0 80 80
23.3159 45.1523 0.0 80 80
22.0971 45.3879 0.0 80 80
21.8528 46.6164 0.0 80 80
24.8165 45.7651 0.0 80 80
23.7265 45.8661 0.0 80 80
20.6203 45.8832 0.0 80 80
21.5762 45.9792 0.0 80 80
22.5343 46.0243 0.0 80 80
27.1065 46.8187 0.0 80 80
24.5292 46.8359 0.0 80 80
24.9958 46.1461 0.0 80 80
25.6904 47.2109 0.0 80 80
21.3114 46.2776 0.0 80 80
23.8246 47.2213 0.0 80 80
26.6592 47.2784 0.0 80 80
22.9964 46.4139 0.0 80 80
25.8536 46.394 0.0 80 80
25.124 47.3403 0.0 80 80
24.4502 47.4602 0.0 80 80
25.8787 47.6846 0.0 80 80
26.646 47.7358 0.0 80 80
26.052 46.624 0.0 80 80
25.6837 45.2178 0.0 80 80
27.3155 45.5384 0.0 80 80
27.247 46.612 0.0 80 80
25.97432 44.22279 0.0 80 80
23.0203 48.338 0.0 80 80
25.06453 48.31369 0.0 80 80
23.512356 48.512074 0.0 80 80
24.16632 48.02602 0.0 80 80
24.5014 48.7106 0.0 80 80
