15.161949 48.348264	1.5	0	0	TC	A014A
13.30632 48.12299	1.5	0	0	TC	A032A
18.42409 43.87458	1.5	0	0	TC	BH02A
17.688522 43.821239	1.5	0	0	TC	BH03A
17.793517 43.348317	1.5	0	0	TC	BH04A/MOSTR
18.036111 43.751114	1.5	0	0	TC	BH07A
18.008219 44.235739	1.5	0	0	TC	BH08A
16.615556 44.785611	1.5	0	0	TC	BH09A
18.551372 44.383708	1.5	0	0	TC	BH17A
18.96271 43.62646	1.5	0	0	TC	BH01A
18.585392 43.169517	1.5	0	0	TC	BH05A
18.446322 43.502236	1.5	0	0	TC	BH06A/KALN
17.165691 44.068548	1.5	0	0	TC	BH10A/SRKY
16.531313 44.481844	1.5	0	0	TC	BH11A/A050A
17.157294 44.393089	1.5	0	0	TC	BH12A
16.320242 44.890764	1.5	0	0	TC	BH13A/KNYS
17.657208 44.513557	1.5	0	0	TC	BH14A
18.464769 45.058136	1.5	0	0	TC	BH15A
18.089228 44.726258	1.5	0	0	TC	BH16A
18.997248 44.770368	1.5	0	0	TC	BH18A
19.093175 44.398208	1.5	0	0	TC	BH19A
17.662483 45.092811	1.5	0	0	TC	BH20A
14.2845 48.864	1.5	0	0	TC	A078A
17.8278 49.3655	1.5	0	0	TC	A090A
11.923009 48.307253	1.5	0	0	TC	A367A
9.761312 46.047153	1.5	0	0	TC	IT05A/A289A
19.52794 49.918193	1.5	0	0	TC	PL25A
