8.204208 40.94291
8.7798 39.7019
8.9235 38.98942
8.71566 40.23697
8.34878 40.50692
9.462162 40.814805
9.515837 39.934003
8.79956 40.789552
20.51315 44.69595
22.01765 44.09043
20.152395 43.576676
21.120913 43.214253
21.215175 44.265486
19.528069 44.549344
22.125741 42.96621
23.0203 48.338
25.06453 48.31369
23.512356 48.512074
24.16632 48.02602
24.5014 48.7106
26.052 46.624
25.6837 45.2178
27.3155 45.5384
27.247 46.612
19.7699 50.1167
19.8105 50.0162
19.9698 49.9093
20.0818 49.7469
20.2179 49.6558
20.2481 49.5126
20.2689 49.4611
20.297 49.3358
20.2821 49.1637
20.2652 48.9167
20.3406 48.7117
20.4674 48.6363
