8.2042 40.9429
8.7798 39.7019
8.9235 38.98942
8.7642 40.2658
8.3488 40.5069
9.4622 40.8148
9.5158 39.934
8.7996 40.7896
20.51315 44.69595
22.01765 44.09043
20.152395 43.576676
19.8 45.75
22.2 43.25
20.7703554348915 45.188620289546
21.120913 43.214253
21.215175 44.265486
19.528069 44.549344
19.769925 50.116738
19.810542 50.016193
19.9698 49.9093
20.0818 49.74689
20.2179 49.65577
20.248146 49.512584
20.26885 49.46112
20.297044 49.335814
20.282117 49.163662
20.26517 48.916722
20.3406 48.7117
20.467396 48.636259
25.06454 48.3137
23.51239 48.51207
23.45661 48.19759
24.16624 48.02591
22.62305 49.01619
26.0556 46.6205
25.6834 45.2178
27.4389 45.4599
27.2557 46.6206
