23.7148 46.155	1.5	0	1	TC	RO01A
25.3083 46.8661	1.5	0	1	TC	RO02A
27.4472 44.998400000000004	1.5	0	1	TC	RO04A
27.1288 46.262	1.5	0	1	TC	RO07B
20.9038 45.6362	1.5	0	1	TC	RO09A
25.4752 44.9482	1.5	0	1	TC	RO17A
24.8165 45.6851	1.5	0	1	TC	RO22A
23.7265 45.786100000000005	1.5	0	1	TC	RO23A
27.1065 46.7387	1.5	0	1	TC	RO27A
24.5292 46.755900000000004	1.5	0	1	TC	RO28A
24.9958 46.0661	1.5	0	1	TC	RO29A
25.6904 47.130900000000004	1.5	0	1	TC	RO30A
23.8246 47.1413	1.5	0	1	TC	RO32A
26.6592 47.1984	1.5	0	1	TC	RO33A
22.9964 46.3339	1.5	0	1	TC	RO34A
25.8536 46.314	1.5	0	1	TC	RO35A
25.124 47.2603	1.5	0	1	TC	RO36A
24.4502 47.3802	1.5	0	1	TC	RO37A
25.8787 47.604600000000005	1.5	0	1	TC	RO38B
26.646 47.6558	1.5	0	1	TC	RO39A
