27.669172 43.1195367
27.1932163 43.6885834
27.7089688 43.6287568
26.9381081 43.1321836
26.4608157 42.8336613
27.1993406 42.6037396
26.2548328 42.0614521
26.7803679 42.1181898
27.72946 42.0875621
25.9562249 43.7176294
14.1494 49.6168
14.0739 49.2705
14.2845 48.864
14.7074 49.2288
14.9288 49.684
15.0341 50.0752
15.6502 50.061
15.6077 49.6959
15.7007 48.9434
16.1962 49.4392
16.1457 49.8528
16.8893 49.7049
17.29109 49.43025
17.092 49.1521
17.8278 49.3655
28.877099 44.7659321
23.8756133 44.7765142
24.3136466 44.9801045
25.599565 44.5828828
24.7919302 43.8298535
24.3981961 44.3138567
26.574984 44.1142259
25.9743289 44.2228719
18.80446 49.47437
19.3038986 49.4548228
18.86106 49.1745
19.13803 48.86676
19.14271 48.50926
19.75251 48.9247
19.7126 48.5689
20.18784 48.84852
19.99421 48.3175
20.69957 49.31546
20.742376 49.00075
20.51141 48.70615
21.23942 49.20663
21.174 48.91368
21.93277 49.24889
21.60924 49.21382
21.99737 49.01312
21.72127 48.61993
21.24357 49.41712
