14.1494 49.5368	1.5	0	1	TC	A076A
14.0739 49.1905	1.5	0	1	TC	A077A
14.7074 49.1488	1.5	0	1	TC	A079A
14.9288 49.604	1.5	0	1	TC	A080A
15.0341 49.995200000000004	1.5	0	1	TC	A081A
15.6502 49.981	1.5	0	1	TC	A082A
15.6077 49.6159	1.5	0	1	TC	A083A
15.7007 48.8634	1.5	0	1	TC	A084A
16.1962 49.3592	1.5	0	1	TC	A085A
16.1457 49.772800000000004	1.5	0	1	TC	A086A
16.8893 49.624900000000004	1.5	0	1	TC	A087A
17.2919 49.350500000000004	1.5	0	1	TC	A088B
17.092 49.0721	1.5	0	1	TC	A089A
18.80446 49.39437	1.5	0	1	TC	SK01A
19.3039 49.37482	1.5	0	1	TC	SK02A
18.86106 49.094500000000004	1.5	0	1	TC	SK03A
19.13803 48.78676	1.5	0	1	TC	SK04A
19.14271 48.42926	1.5	0	1	TC	SK05A
19.75251 48.8447	1.5	0	1	TC	SK07A
19.71261 48.48895	1.5	0	1	TC	SK08A
20.18784 48.76852	1.5	0	1	TC	SK11A
19.99421 48.237500000000004	1.5	0	1	TC	SK12A
20.69957 49.23546	1.5	0	1	TC	SK13A
20.742376 48.92075	1.5	0	1	TC	SK14B
20.51141 48.62615	1.5	0	1	TC	SK15A
21.24357 49.33712	1.5	0	1	TC	SK16A/STHS
21.23942 49.12663	1.5	0	1	TC	SK17A
21.174 48.83368	1.5	0	1	TC	SK18A
21.93277 49.168890000000005	1.5	0	1	TC	SK19A
21.60924 49.13382	1.5	0	1	TC	SK20A
21.99737 48.93312	1.5	0	1	TC	SK21A
21.72127 48.53993	1.5	0	1	TC	SK22A
14.2845 48.784	1.5	0	1	TC	A078A
17.8278 49.2855	1.5	0	1	TC	A090A
