14.1494 49.6168
14.0739 49.2705
14.2845 48.864
14.7074 49.2288
14.9288 49.684
15.0341 50.0752
15.6502 50.061
15.6077 49.6959
15.7007 48.9434
16.1962 49.4392
16.1457 49.8528
16.8893 49.7049
17.2919 49.4305
17.092 49.1521
17.8278 49.3655
18.80446 49.47437
19.3039 49.45482
18.86106 49.1745
19.13803 48.86676
19.14271 48.50926
19.75251 48.9247
19.71261 48.56895
20.18784 48.84852
19.99421 48.3175
20.69957 49.31546
20.742376 49.00075
20.51141 48.70615
21.24357 49.41712
21.23942 49.20663
21.174 48.91368
21.93277 49.24889
21.60924 49.21382
21.99737 49.01312
21.72127 48.61993
