14.993574 48.934141
14.732612 48.634316
14.070468 48.460861
14.416341 47.520995
14.551274 46.933264
14.007304 46.815741
13.949906 47.094808
13.761081 47.430144
13.561024 47.82783
13.497524 48.427019
13.306443 48.122971
13.125995 47.479792
13.078006 46.911289
12.64199 47.160486
12.30854 47.37898
9.656586 48.126633
11.849 47.7528
11.0032 47.6836
12.396 47.8673
12.975 48.2928
12.4605 48.478
16.70589 47.28327
17.148597 46.952098
16.527617 46.864238
17.314765 46.640763
17.289686 46.159675
17.795495 46.424445
18.264761 46.525589
18.481994 46.946341
18.834197 47.154749
18.965496 46.744449
17.81597 45.916386
10.7334 48.1651
11.9233 48.3067
19.729025 46.332947
19.131118999999998 46.327828
20.2496 47.6389
21.159 46.9099
