14.99364 48.93337
14.07072 48.46082
14.41648 47.52074
14.551554 46.933176
14.00737 46.8159
13.949906 47.094808
13.76105 47.43007
13.5612 47.8277
13.49746 48.42719
13.30632 48.12299
13.125997 47.479741
13.07875 46.90914
12.64199 47.160486
12.308427 47.378903
9.656632 48.126633
11.849163 47.752801
11.003359 47.683648
12.391497 47.869337
12.975 48.2928
12.47666 48.509432
16.70589 47.28327
17.148597 46.952098
16.520261 46.864247
17.314765 46.640763
17.289686 46.159675
17.795495 46.424445
18.264761 46.525589
18.481994 46.946341
18.834197 47.154749
18.965496 46.744449
17.81597 45.916386
10.733358 48.165076
11.923009 48.307253
19.729025 46.332947
19.130978 46.327959
20.255839 47.640487
21.158993 46.909806
