15.277457 45.13512
18.403475 45.673236
18.810751 45.869268
18.404567 45.196685
19.044115 45.325987
18.1037 43.2966
15.94115 44.10775
16.28067 43.82178
16.05788 43.59037
16.61076 43.51695
17.21874 43.34215
17.37366 43.20671
15.55595 44.08133
15.97339 43.86128
16.37304 43.66427
16.58204 43.82542
16.90315 43.48575
17.60992 42.98679
18.96271 43.62646
17.688522 43.821239
18.585392 43.169517
17.157294 44.393089
17.657208 44.513557
18.464769 45.058136
18.551372 44.383708
18.997248 44.770368
19.093175 44.398208
17.662483 45.092811
18.42409 43.87458
17.793517 43.348317
18.036111 43.751114
18.008219 44.235739
16.615556 44.785611
18.089228 44.726258
10.928 46.5068
11.8805 46.6246
13.127954 45.819313
12.620993 45.619781
11.971315 45.63353
12.31822 45.344273
7.9089 44.5391
9.9098 44.8939
9.761 46.0473
12.432347 44.959236
12.005684 44.582485
8.327315 46.010724
18.446322 43.502236
17.165691 44.068548
16.531313 44.481844
16.320242 44.890764
8.768451 45.379418
8.361122 45.622597999999996
8.288635 45.237928
9.383602 45.137131
16.287281 45.360854
17.248394 45.417427
16.119632 46.003868
15.78778 45.8698396
16.24402 46.16748
15.4719 45.728763
15.57944 45.4075
15.84483 45.506551
15.57944 45.4075
16.90884 45.26954
16.612595 45.74821
15.697693 45.818786
16.188016 45.424458
16.27109 45.42706
16.59289 45.314612
