15.55595 44.08133	1.5	0	0	TC	HR01A
15.94115 44.10775	1.5	0	0	TC	HR02A
15.97339 43.86128	1.5	0	0	TC	HR03A
16.28067 43.82178	1.5	0	0	TC	HR04A
16.05788 43.59037	1.5	0	0	TC	HR05A
16.37304 43.66427	1.5	0	0	TC	HR06A
16.58204 43.82542	1.5	0	0	TC	HR07A
16.61076 43.51695	1.5	0	0	TC	HR08A
16.90315 43.48575	1.5	0	0	TC	HR09A
17.21874 43.34215	1.5	0	0	TC	HR10A
17.37366 43.20671	1.5	0	0	TC	HR11A
17.60992 42.98679	1.5	0	0	TC	HR12A
8.327315 46.010724	1.5	0	0	TC	DIV02
8.4388 46.13512	1.5	0	0	TC	DIV11
8.288 45.9358	1.5	0	0	TC	DIV60
16.287281 45.360854	1.5	0	0	TC	7422
17.248394 45.417427	1.5	0	0	TC	7433
16.119632 46.003868	1.5	0	0	TC	7440
15.78778 45.8698396	1.5	0	0	TC	7442
16.24402 46.16748	1.5	0	0	TC	7443
15.4719 45.728763	1.5	0	0	TC	7445
15.57944 45.4075	1.5	0	0	TC	7489
15.84483 45.506551	1.5	0	0	TC	7491
15.57944 45.4075	1.5	0	0	TC	7493
16.90884 45.26954	1.5	0	0	TC	7496
16.612595 45.74821	1.5	0	0	TC	7498
15.697693 45.818786	1.5	0	0	TC	7499
16.188016 45.424458	1.5	0	0	TC	7500
16.27109 45.42706	1.5	0	0	TC	7501
16.59289 45.314612	1.5	0	0	TC	7502
18.404567 45.196685	1.5	0	0	TC	HR16A
19.044115 45.325987	1.5	0	0	TC	HR17A
18.96271 43.62646	1.5	0	0	TC	BH01A
18.42409 43.87458	1.5	0	0	TC	BH02A
17.688522 43.821239	1.5	0	0	TC	BH03A
17.793517 43.348317	1.5	0	0	TC	BH04A/MOSTR
18.585392 43.169517	1.5	0	0	TC	BH05A
18.446322 43.502236	1.5	0	0	TC	BH06A/KALN
18.036111 43.751114	1.5	0	0	TC	BH07A
18.008219 44.235739	1.5	0	0	TC	BH08A
16.615556 44.785611	1.5	0	0	TC	BH09A
17.165691 44.068548	1.5	0	0	TC	BH10A/SRKY
16.531313 44.481844	1.5	0	0	TC	BH11A/A050A
17.157294 44.393089	1.5	0	0	TC	BH12A
16.320242 44.890764	1.5	0	0	TC	BH13A/KNYS
17.657208 44.513557	1.5	0	0	TC	BH14A
18.464769 45.058136	1.5	0	0	TC	BH15A
18.089228 44.726258	1.5	0	0	TC	BH16A
18.551372 44.383708	1.5	0	0	TC	BH17A
18.997248 44.770368	1.5	0	0	TC	BH18A
19.093175 44.398208	1.5	0	0	TC	BH19A
17.662483 45.092811	1.5	0	0	TC	BH20A
10.928 46.5068	1.5	0	0	TC	A290A
11.8805 46.6246	1.5	0	0	TC	A291A
13.127954 45.819313	1.5	0	0	TC	A300A
12.620993 45.619781	1.5	0	0	TC	A301A
11.9713 45.6335	1.5	0	0	TC	A302A
12.3182 45.3443	1.5	0	0	TC	A303A
8.768451 45.379418	1.5	0	0	TC	IT01A
8.361122 45.622598	1.5	0	0	TC	IT02A/A287A
8.288635 45.237928	1.5	0	0	TC	IT03A/A283B
9.383602 45.137131	1.5	0	0	TC	IT04A/A284A
9.761312 46.047153	1.5	0	0	TC	IT05A/A289A
7.880076 44.535805	1.5	0	0	TC	IT06A
9.836959 44.873936	1.5	0	0	TC	IT07A
12.069651 44.983948	1.5	0	0	TC	IT08A
11.435935 44.660509	1.5	0	0	TC	IT09A/A307A
