27.669172 43.1195367	1.5	0	0	TC	AVR
27.1932163 43.6885834	1.5	0	0	TC	BG01A
27.7089688 43.6287568	1.5	0	0	TC	BG02A
26.9381081 43.1321836	1.5	0	0	TC	BG03A
26.4608157 42.8336613	1.5	0	0	TC	BG04A
27.1993406 42.6037396	1.5	0	0	TC	BG05A
23.63689 42.991448	1.5	0	0	TC	BG06A
24.49 42.96	1.5	0	0	TC	BG07A
24.76 42.59	1.5	0	0	TC	BG08A
25.331197 42.531642	1.5	0	0	TC	BG09A
25.804958 42.413133	1.5	0	0	TC	BG10A
26.2548328 42.0614521	1.5	0	0	TC	BG11A
26.7803679 42.1181898	1.5	0	0	TC	BG12A
27.72946 42.0875621	1.5	0	0	TC	BG13A
22.831374 42.288958	1.5	0	0	TC	BG14A
23.524965 42.047733	1.5	0	0	TC	BG15A
23.988035 42.192493	1.5	0	0	TC	BG16A
24.145215 41.766003	1.5	0	0	TC	BG17A
25.807248 41.520753	1.5	0	0	TC	BG18A
25.9562249 43.7176294	1.5	0	0	TC	BG19A
22.797826 43.879918	1.5	0	0	TC	BG20A
23.116078 43.405501	1.5	0	0	TC	BG21A
24.0802 43.6474	1.5	0	0	TC	BG22A
25.5778 42.0457	1.5	0	0	TC	DIM
23.4355 43.6898	1.5	0	0	TC	VLD
27.1119 48.0311	1.5	0	0	TC	MD01
28.3517 47.4524	1.5	0	0	TC	MD02
28.6553 46.3003	1.5	0	0	TC	MD03
22.6842196 49.0638537	1.5	0	0	TC	PL01A
22.536529 49.377962	1.5	0	0	TC	PL02A
22.896893 50.0216728	1.5	0	0	TC	PL03A
23.228785 50.2396867	1.5	0	0	TC	PL04A
22.120825 49.259841	1.5	0	0	TC	PL05A
22.137023 49.593843	1.5	0	0	TC	PL06A
22.404111 49.943115	1.5	0	0	TC	PL07A
22.6766233 50.3762967	1.5	0	0	TC	PL08A
21.405213 49.641672	1.5	0	0	TC	PL09A
21.889923 49.9045362	1.5	0	0	TC	PL10A
22.1171633 50.229965	1.5	0	0	TC	PL11A
21.929433 50.579161	1.5	0	0	TC	PL12A
20.923406 49.596788	1.5	0	0	TC	PL13A
21.069613 49.879362	1.5	0	0	TC	PL14A
21.4761583 50.2310283	1.5	0	0	TC	PL15A
21.3554771 50.5923974	1.5	0	0	TC	PL16A
20.30111 49.600797	1.5	0	0	TC	PL17A
20.5063206 49.9698008	1.5	0	0	TC	PL18A
20.94424 50.283043	1.5	0	0	TC	PL19A
19.8706428 49.5583546	1.5	0	0	TC	PL21A
20.0736794 49.835914	1.5	0	0	TC	PL22A
20.323381 50.233895	1.5	0	0	TC	PL23A
19.004227 49.723945	1.5	0	0	TC	PL24A
19.173745 50.1902236	1.5	0	0	TC	PL26A
18.708992 49.902233	1.5	0	0	TC	PL27A
17.6944065 50.1442223	1.5	0	0	TC	PL30A
18.35449907 50.06966281	1.5	0	0	TC	PL31A
19.861766 49.294	1.5	0	0	TC	PL32A
18.99225 50.29087	1.5	0	0	TC	PL33A
19.605 49.9073	1.5	0	0	TC	PL34A
28.877099 44.7659321	1.5	0	0	TC	JURR
23.7148 46.235	1.5	0	0	TC	RO01A
25.3083 46.9461	1.5	0	0	TC	RO02A
23.8756133 44.7765142	1.5	0	0	TC	RO03A
27.4472 45.0784	1.5	0	0	TC	RO04A
24.3136466 44.9801045	1.5	0	0	TC	RO05A
22.3387 47.3108	1.5	0	0	TC	RO06A
27.123 46.35	1.5	0	0	TC	RO07A
24.545 47.841	1.5	0	0	TC	RO08A
20.9038 45.7162	1.5	0	0	TC	RO09A
21.7778656 45.1564886	1.5	0	0	TC	RO10A
22.8129 44.9836	1.5	0	0	TC	RO11A
25.599565 44.5828828	1.5	0	0	TC	RO12A
24.7919302 43.8298535	1.5	0	0	TC	RO13A
22.2469 46.4082	1.5	0	0	TC	RO14A
24.3981961 44.3138567	1.5	0	0	TC	RO15A
26.574984 44.1142259	1.5	0	0	TC	RO16A
25.4752 45.0282	1.5	0	0	TC	RO17A
23.2152 45.63263	1.5	0	0	TC	RO18A
23.31579 45.15239	1.5	0	0	TC	RO19A
22.0971517 45.3875322	1.5	0	0	TC	RO20A
21.8528 46.6164	1.5	0	0	TC	RO21A
24.8165 45.7651	1.5	0	0	TC	RO22A
23.7265 45.8661	1.5	0	0	TC	RO23A
20.6203 45.8832	1.5	0	0	TC	RO24A
21.5762 45.9792	1.5	0	0	TC	RO25A
22.53426 46.02433	1.5	0	0	TC	RO26A
27.1065 46.8187	1.5	0	0	TC	RO27A
24.529245 46.835861	1.5	0	0	TC	RO28A
24.995758 46.146149	1.5	0	0	TC	RO29A
25.690418 47.210884	1.5	0	0	TC	RO30A
21.3114 46.2776	1.5	0	0	TC	RO31A
23.8246 47.2213	1.5	0	0	TC	RO32A
26.6592 47.2784	1.5	0	0	TC	RO33A
22.9964 46.4139	1.5	0	0	TC	RO34A
25.8537 46.3941	1.5	0	0	TC	RO35A
25.123985 47.340267	1.5	0	0	TC	RO36A
24.4502 47.4602	1.5	0	0	TC	RO37A
25.940386 47.683804	1.5	0	0	TC	RO38A
26.646 47.7358	1.5	0	0	TC	RO39A
26.0556 46.6205	1.5	0	0	TC	RO43A
25.6834 45.2178	1.5	0	0	TC	RO44A
27.4389 45.4599	1.5	0	0	TC	RO45A
27.2557 46.6206	1.5	0	0	TC	RO46A
25.9743289 44.2228719	1.5	0	0	TC	SGRR
25.06454 48.3137	1.5	0	0	TC	KSV
23.51239 48.51207	1.5	0	0	TC	MEZ
23.45661 48.19759	1.5	0	0	TC	NSLU
24.16624 48.02591	1.5	0	0	TC	RAKU
22.62305 49.01619	1.5	0	0	TC	STZU
