27.66911 43.11949
27.1933 43.68857
27.70896 43.62874
26.93805 43.13219
26.46095 42.83369
27.19934 42.60374
23.6368 42.9913
24.4924 42.9658
24.7644 42.5995
25.3314 42.5315
25.8048 42.413
26.25492 42.06144
26.78039 42.11819
27.72937 42.08762
22.8315 42.2887
23.524799 42.047798
23.9861 42.1927
24.1448 41.7661
25.8063 41.5204
25.95611 43.71763
22.7977 43.88
23.1161 43.4054
24.0802 43.6474
25.5778 42.0457
28.87704 44.76593
27.1119 48.0311
28.3517 47.4524
28.6553 46.3003
22.68422 49.063854
22.536529 49.377962
22.896893 50.021673
23.228785 50.239687
22.120825 49.259841
22.137023 49.593843
22.404111 49.943115
22.676623 50.376297
21.405213 49.641672
21.889923 49.904536
22.117163 50.229965
21.929433 50.579161
20.923406 49.596788
21.069613 49.879362
21.476158 50.231028
21.3554771 50.5923974
20.30111 49.600797
20.5063206 49.9698008
20.94424 50.283043
19.8706428 49.5583546
20.0736794 49.835914
20.323381 50.233895
19.004227 49.723945
19.17382 50.19022
18.708992 49.902233
17.694362 50.144238
18.354499 50.069663
19.861766 49.294
18.99225 50.29087
19.605 49.9073
23.7148 46.235
25.3083 46.9461
23.87571 44.77653
27.4472 45.0784
24.31363 44.98011
22.3387 47.3108
27.1288 46.342
24.545 47.841
20.9038 45.7162
21.7779 45.1565
22.8129 44.9836
25.59964 44.58287
24.79191 43.82988
22.2469 46.4082
24.39825 44.31383
26.57504 44.1142
25.4752 45.0282
23.2152 45.6326
23.3159 45.1523
22.0971 45.3879
21.8528 46.6164
24.8165 45.7651
23.7265 45.8661
20.6203 45.8832
21.5762 45.9792
22.5343 46.0243
27.1065 46.8187
24.5292 46.8359
24.9958 46.1461
25.6904 47.2109
21.3114 46.2776
23.8246 47.2213
26.6592 47.2784
22.9964 46.4139
25.8536 46.394
25.124 47.3403
24.4502 47.4602
25.8787 47.6846
26.646 47.7358
26.052 46.624
25.6837 45.2178
27.3155 45.5384
27.247 46.612
25.97432 44.22279
23.4355 43.6898
