16.590442 48.728694
16.594215 48.362882
17.053046 47.758925
16.397063 47.962876
16.205439 48.371921
15.652187 48.368663
15.958719 47.40859
15.585996 47.603986
15.406258 48.063503
14.649613 48.301372
14.758903 47.947999
15.077621 47.743667
15.085607 47.445667
15.298745 46.94884
15.825348 46.756569
14.139852 48.100199
14.99364 48.93337
14.07072 48.46082
14.41648 47.52074
14.551554 46.933176
14.00737 46.8159
13.949906 47.094808
13.76105 47.43007
13.5612 47.8277
13.49746 48.42719
13.125997 47.479741
13.07875 46.90914
12.64199 47.160486
12.308427 47.378903
14.1494 49.6168
14.0739 49.2705
14.7074 49.2288
14.9288 49.684
15.0341 50.0752
15.6502 50.061
15.6077 49.6959
15.7007 48.9434
16.1962 49.4392
16.1457 49.8528
16.8893 49.7049
17.2919 49.4305
17.092 49.1521
9.656632 48.126633
11.849163 47.752801
11.003359 47.683648
12.391497 47.869337
12.975 48.2928
12.47666 48.509432
10.733358 48.165076
16.70589 47.28327
17.148597 46.952098
16.520261 46.864247
17.314765 46.640763
17.289686 46.159675
17.795495 46.424445
18.264761 46.525589
18.481994 46.946341
18.834197 47.154749
18.965496 46.744449
17.81597 45.916386
20.5399 48.3421
20.511 48.2191
19.6202 47.3446
20.525 48.1222
19.5997 47.9038
19.4386 46.8138
21.137 47.5518
20.5675 46.7123
21.9143 47.9812
17.9238 47.4313
18.3824 47.6386
19.0186 47.8452
21.1677 47.9245
20.826788 47.182768
20.0345 46.9877
20.079 46.4475
19.729025 46.332947
19.130978 46.327959
20.255839 47.640487
21.158993 46.909806
20.5374 48.4955
19.7699 50.1167
19.8105 50.0162
19.9698 49.9093
20.0818 49.7469
20.2179 49.6558
20.2481 49.5126
20.2689 49.4611
18.220939 49.150114
18.464488 48.804489
17.104104 48.715571
17.674728 48.604392
18.335925 48.446947
18.999038 48.233339
17.789761 48.244305
18.352506 48.015155
17.655876 47.829403
20.297 49.3358
20.2717 49.2716
20.2821 49.1637
20.322 49.0345
20.2652 48.9167
20.2836 48.7901
20.3406 48.7117
20.4674 48.6363
20.5208 48.5567
18.80446 49.47437
19.3039 49.45482
18.86106 49.1745
19.13803 48.86676
19.14271 48.50926
19.75251 48.9247
19.71261 48.56895
20.18784 48.84852
19.99421 48.3175
20.69957 49.31546
20.742376 49.00075
20.51141 48.70615
21.24357 49.41712
21.23942 49.20663
21.174 48.91368
21.93277 49.24889
21.60924 49.21382
21.99737 49.01312
21.72127 48.61993
20.51315 44.69595
22.01765 44.09043
20.152395 43.576676
19.8 45.75
20.7703554348915 45.188620289546
21.120913 43.214253
21.215175 44.265486
19.528069 44.549344
22.125741 42.96621
