14.993574 48.934141	1.5	0	0	TC	A015A
14.732612 48.634316	1.5	0	0	TC	A022A
14.070468 48.460861	1.5	0	0	TC	A023A
14.416341 47.520995	1.5	0	0	TC	A025A
14.551274 46.933264	1.5	0	0	TC	A026A
14.007304 46.815741	1.5	0	0	TC	A027A
13.949906 47.094808	1.5	0	0	TC	A028B
13.761081 47.430144	1.5	0	0	TC	A029A
13.561024 47.82783	1.5	0	0	TC	A030A
13.497524 48.427019	1.5	0	0	TC	A031A
13.306443 48.122971	1.5	0	0	TC	A032A
13.125995 47.479792	1.5	0	0	TC	A033A
13.078006 46.911289	1.5	0	0	TC	A034A
12.64199 47.160486	1.5	0	0	TC	A035B
12.30854 47.37898	1.5	0	0	TC	A036A
16.590442 48.728694	1.5	0	0	TC	A001A
16.594215 48.362882	1.5	0	0	TC	A002B
17.053046 47.758925	1.5	0	0	TC	A003A
16.396784 47.962882	1.5	0	0	TC	A004A
16.205468 48.37198	1.5	0	0	TC	A005B
16.020298 48.740379	1.5	0	0	TC	A006A
15.652187 48.368663	1.5	0	0	TC	A008A
16.079254 47.073329	1.5	0	0	TC	A010A
15.958719 47.40859	1.5	0	0	TC	A011B
15.585996 47.603986	1.5	0	0	TC	A012A
15.406258 48.063503	1.5	0	0	TC	A013A
15.161949 48.348264	1.5	0	0	TC	A014A
14.649613 48.301372	1.5	0	0	TC	A016A
14.758903 47.947999	1.5	0	0	TC	A017A
15.077621 47.743667	1.5	0	0	TC	A018A
15.085607 47.445667	1.5	0	0	TC	A019A
15.298745 46.94884	1.5	0	0	TC	A020B
15.825348 46.756569	1.5	0	0	TC	A021A
14.140075 48.100292	1.5	0	0	TC	A024B
14.1494 49.6168	1.5	0	0	TC	A076A
14.0739 49.2705	1.5	0	0	TC	A077A
14.7074 49.2288	1.5	0	0	TC	A079A
14.9288 49.684	1.5	0	0	TC	A080A
15.0341 50.0752	1.5	0	0	TC	A081A
15.6502 50.061	1.5	0	0	TC	A082A
15.6077 49.6959	1.5	0	0	TC	A083A
15.7007 48.9434	1.5	0	0	TC	A084A
16.1962 49.4392	1.5	0	0	TC	A085A
16.1457 49.8528	1.5	0	0	TC	A086A
16.8893 49.7049	1.5	0	0	TC	A087A
17.29109 49.43025	1.5	0	0	TC	A088B
17.092 49.1521	1.5	0	0	TC	A089A
17.8278 49.3655	1.5	0	0	TC	A090A/MAUC
9.656586 48.126633	1.5	0	0	TC	A104C
11.849 47.7528	1.5	0	0	TC	A141A
11.0032 47.6836	1.5	0	0	TC	A143A
12.396 47.8673	1.5	0	0	TC	A145A
12.975 48.2928	1.5	0	0	TC	A146A
12.4605 48.478	1.5	0	0	TC	A148B
10.7334 48.1651	1.5	0	0	TC	A365A
11.9233 48.3067	1.5	0	0	TC	A367A
19.6203 47.3447	1.5	0	0	TC	HU01A
20.525 48.1222	1.5	0	0	TC	HU02A
19.5997 47.9039	1.5	0	0	TC	HU03A
19.4386 46.8138	1.5	0	0	TC	HU04B
21.1376 47.5514	1.5	0	0	TC	HU05A
20.5675 46.7123	1.5	0	0	TC	HU06A
21.9143 47.9811	1.5	0	0	TC	HU07A
17.9238 47.4313	1.5	0	0	TC	HU08A
18.3824 47.6386	1.5	0	0	TC	HU09A
19.0186 47.8452	1.5	0	0	TC	HU10A
21.1677 47.9245	1.5	0	0	TC	HU11A
20.826788 47.182768	1.5	0	0	TC	HU12A
20.0345 46.9877	1.5	0	0	TC	HU13A
20.079 46.4475	1.5	0	0	TC	HU14A
20.5374 48.4955	1.5	0	0	TC	JOS
16.70589 47.28327	1.5	0	0	TC	A260A
17.148597 46.952098	1.5	0	0	TC	A261A
16.527617 46.864238	1.5	0	0	TC	A262A
17.314765 46.640763	1.5	0	0	TC	A263A
17.289686 46.159675	1.5	0	0	TC	A264A
17.795495 46.424445	1.5	0	0	TC	A265A
18.264761 46.525589	1.5	0	0	TC	A266A
18.481994 46.946341	1.5	0	0	TC	A267A
18.834197 47.154749	1.5	0	0	TC	A271A
18.965496 46.744449	1.5	0	0	TC	A272A
17.81597 45.916386	1.5	0	0	TC	A273A
19.729025 46.332947	1.5	0	0	TC	HU21A
19.131118999999998 46.327828	1.5	0	0	TC	HU22A
20.2496 47.6389	1.5	0	0	TC	HU23A
21.159 46.9099	1.5	0	0	TC	HU24A
18.80446 49.47437	1.5	0	0	TC	SK01A
19.3038986 49.4548228	1.5	0	0	TC	SK02A
18.86106 49.1745	1.5	0	0	TC	SK03A
19.13803 48.86676	1.5	0	0	TC	SK04A
19.14271 48.50926	1.5	0	0	TC	SK05A
19.75251 48.9247	1.5	0	0	TC	SK07A
19.7126 48.5689	1.5	0	0	TC	SK08A
20.18784 48.84852	1.5	0	0	TC	SK11A
19.99421 48.3175	1.5	0	0	TC	SK12A
20.69957 49.31546	1.5	0	0	TC	SK13A
20.742376 49.00075	1.5	0	0	TC	SK14B
20.51141 48.70615	1.5	0	0	TC	SK15A
21.23942 49.20663	1.5	0	0	TC	SK17A
21.174 48.91368	1.5	0	0	TC	SK18A
21.93277 49.24889	1.5	0	0	TC	SK19A
21.60924 49.21382	1.5	0	0	TC	SK20A
21.99737 49.01312	1.5	0	0	TC	SK21A
21.72127 48.61993	1.5	0	0	TC	SK22A
20.2339 49.1894	1.5	0	0	TC	SPC/SK10A
21.24357 49.41712	1.5	0	0	TC	STHS/SK16A
18.220939 49.150114	1.5	0	0	TC	A331A
18.464488 48.804489	1.5	0	0	TC	A332A
17.104104 48.715571	1.5	0	0	TC	A333A
17.674728 48.604392	1.5	0	0	TC	A334A
18.335925 48.446947	1.5	0	0	TC	A335A
18.999038 48.233339	1.5	0	0	TC	A336A
17.789761 48.244305	1.5	0	0	TC	A337A
18.352505999999998 48.015155	1.5	0	0	TC	A338A
17.655876 47.829403	1.5	0	0	TC	A339A
