19.9455 40.7082	1.5	0	0	TC	BERA
20.5987 40.1499	1.5	0	0	TC	LSK
21.4378 42.4605	1.5	0	0	TC	GJIK
20.9378 42.8728	1.5	0	0	TC	SMRK
20.6231 42.4481	1.5	0	0	TC	ZATK
19.1844 42.1866	1.5	0	0	TC	DRME
19.5153 42.8503	1.5	0	0	TC	KOME
19.2497 41.96337	1.5	0	0	TC	ULC
22.190157 40.522627	1.5	0	0	TC	GR11
21.301392 37.777048	1.5	0	0	TC	GR28
21.849651345566894 42.27799470203299	1.5	0	0	TC	MK01A
20.884605124824322 42.01285060445374	1.5	0	0	TC	MK02A
22.037044353969986 41.38505550894588	1.5	0	0	TC	MK03A
22.88656786772321 41.422470939201425	1.5	0	0	TC	MK04A
19.4197 40.3272	1.5	0	0	TC	AL09
19.5427 42.332	1.5	0	0	TC	AL01
19.4388 41.4097	1.5	0	0	TC	AL02
20.1028 41.105	1.5	0	0	TC	AL03
19.5617 41.0072	1.5	0	0	TC	AL04
20.3935 40.7066	1.5	0	0	TC	AL05
19.7583 40.0889	1.5	0	0	TC	AL06
20.0053 41.6019	1.5	0	0	TC	AL07
20.6997 40.8844	1.5	0	0	TC	AL08
21.253291 42.284527	1.5	0	0	TC	KS01
19.880931 42.845794	1.5	0	0	TC	ME01
19.934983 42.590722	1.5	0	0	TC	ME02
19.121008 43.155433	1.5	0	0	TC	ME03
23.290622 41.285234	1.5	0	0	TC	GR01
24.159552 41.159824	1.5	0	0	TC	GR02
24.882541 41.149814	1.5	0	0	TC	GR03
24.96409 40.980426	1.5	0	0	TC	GR04
25.599302 40.869004	1.5	0	0	TC	GR05
26.271823 41.33885	1.5	0	0	TC	GR06
22.020757 40.784455	1.5	0	0	TC	GR07
23.687219 40.660191	1.5	0	0	TC	GR09
21.594281 40.48323	1.5	0	0	TC	GR10
22.541959 40.470873	1.5	0	0	TC	GR12
23.185904 40.351632	1.5	0	0	TC	GR13
20.578799 39.900044	1.5	0	0	TC	GR14
21.047022 39.940931	1.5	0	0	TC	GR15
21.938318 40.041597	1.5	0	0	TC	GR16
21.630671 39.733743	1.5	0	0	TC	GR17
22.668355 39.728109	1.5	0	0	TC	GR18
21.746351 39.235059	1.5	0	0	TC	GR20
22.513179 39.372623	1.5	0	0	TC	GR21
22.826363 39.089484	1.5	0	0	TC	GR22
23.229 38.807616	1.5	0	0	TC	GR23
22.285317 38.700733	1.5	0	0	TC	GR24
23.455375 38.42562	1.5	0	0	TC	GR26
24.233059 38.182439	1.5	0	0	TC	GR27
21.922542 37.704209	1.5	0	0	TC	GR29
22.577381 37.521743	1.5	0	0	TC	GR30
22.586834 37.01819	1.5	0	0	TC	GR31
22.987585 36.967115	1.5	0	0	TC	GR32
22.333655 36.762178	1.5	0	0	TC	GR33
19.7199 41.6359	1.5	0	0	TC	LACI
21.3239 41.0194	1.5	0	0	TC	BIA
22.3068 42.1091	1.5	0	0	TC	KNEZ
21.2489 41.3689	1.5	0	0	TC	KRUS
20.7989 41.1114	1.5	0	0	TC	OHR
21.7531 41.7795	1.5	0	0	TC	OTOV
21.4396 41.9721	1.5	0	0	TC	SKO
22.4382 41.7754	1.5	0	0	TC	STIP
22.5701 41.3211	1.5	0	0	TC	VAY
20.5571 41.4788	1.5	0	0	TC	ZUPA
18.54394 42.90072	1.5	0	0	TC	BRY
21.2197 42.6588	1.5	0	0	TC	GMRK
18.49836 42.44749	1.5	0	0	TC	HCY
20.4113 42.0756	1.5	0	0	TC	KKS
18.998170000000002 42.81285	1.5	0	0	TC	NKY
19.39426 43.32987	1.5	0	0	TC	PLE
20.75812 42.21076	1.5	0	0	TC	PRZK
23.5847 38.7047	1.5	0	0	TC	MRKA
19.994596 39.425709	1.5	0	0	TC	LFKM
20.0155 40.2948	1.5	0	0	TC	TPE
21.3836 40.7817	1.5	0	0	TC	FNA
21.13842 40.19588	1.5	0	0	TC	PENT
22.8692 37.8902	1.5	0	0	TC	ACOR
23.786496 38.7664	1.5	0	0	TC	AXAR
23.7865 38.406639	1.5	0	0	TC	ERTR/EREA
23.3122 38.1642	1.5	0	0	TC	VILL
