21.3239 41.0194
21.3836 40.7817
23.290622 41.285234
24.159552 41.159824
24.882541 41.149814
24.96409 40.980426
25.599302 40.869004
26.271823 41.33885
22.020757 40.784455
23.687219 40.660191
21.594281 40.48323
22.190157 40.522627
22.541959 40.470873
23.185904 40.351632
20.578799 39.900044
21.047022 39.940931
21.938318 40.041597
21.630671 39.733743
22.668355 39.728109
21.746351 39.235059
22.513179 39.372623
22.826363 39.089484
23.229 38.807616
22.285317 38.700733
23.455375 38.42562
24.233059 38.182439
21.301392 37.777048
21.922542 37.704209
22.577381 37.521743
22.586834 37.01819
22.987585 36.967115
22.333655 36.762178
22.3068 42.1091
21.2489 41.3689
19.994596 39.425709
21.849651345566894 42.27799470203299
20.884605124824322 42.01285060445374
22.037044353969986 41.38505550894588
22.88656786772321 41.422470939201425
20.7989 41.1114
21.7531 41.7795
21.13842 40.19588
21.4396 41.9721
22.4382 41.7754
22.5701 41.3211
20.5571 41.4788
19.9455 40.7082
20.5987 40.1499
20.0155 40.2948
22.8692 37.8902
23.786496 38.7664
23.7865 38.406639
23.5847 38.7047
23.3122 38.1642
19.5427 42.332
19.4388 41.4097
20.1028 41.105
19.5617 41.0072
20.3935 40.7066
19.7583 40.0889
20.0053 41.6019
20.6997 40.8844
19.4197 40.3272
18.54394 42.90072
19.1844 42.1866
21.4378 42.4605
21.2197 42.6588
18.49836 42.44749
20.4113 42.0756
19.5153 42.8503
21.253291 42.284527
19.7199 41.6359
19.880931 42.845794
19.934983 42.590722
19.121008 43.155433
18.998170000000002 42.81285
19.39426 43.32987
20.75812 42.21076
20.9378 42.8728
19.2497 41.96337
20.6231 42.4481
