3.4984 46.9102	1.5	0	0	TC	A165A
4.1479800000000004 46.9816	1.5	0	0	TC	A166A
4.1125 46.2008	1.5	0	0	TC	A171A
4.5869 44.5069	1.5	0	0	TC	A192A
2.7193 43.9752	1.5	0	0	TC	A195A
4.5280000000000005 44.0515	1.5	0	0	TC	A196A
16.795743 40.34035	1.5	0	0	TC	APU01
17.82957 40.288668	1.5	0	0	TC	APU02
18.265048 40.400216	1.5	0	0	TC	APU03
18.159089 39.880758	1.5	0	0	TC	APU04
1.98368836590002 45.565481037958	1.5	0	0	TC	FFR19
3.24015231407557 46.6213380899491	1.5	0	0	TC	FR01
4.21723630319346 45.5282782596828	1.5	0	0	TC	FR02
4.10112560795882 45.8396905384424	1.5	0	0	TC	FR03
3.12320935384817 44.3018848412359	1.5	0	0	TC	FR04
4.00885637139272 45.228403476782	1.5	0	0	TC	FR05
4.40541443450424 44.8613835501072	1.5	0	0	TC	FR06
3.94034577161845 44.7094337442057	1.5	0	0	TC	FR07
0.8502368929202331 45.9553354636044	1.5	0	0	TC	FR08
1.79401519084848 44.9536645589667	1.5	0	0	TC	FR09
3.54195551280859 44.1691434439365	1.5	0	0	TC	FR10
3.34906725956088 43.6213625279745	1.5	0	0	TC	FR11
2.58360295944731 44.3958649905614	1.5	0	0	TC	FR12
2.08916883871169 44.6017362554265	1.5	0	0	TC	FR13
2.75987768632387 43.6384449456098	1.5	0	0	TC	FR14
3.03785191952903 44.7071403144528	1.5	0	0	TC	FR15
2.85306174737438 45.0737894762336	1.5	0	0	TC	FR16
2.24131036410337 45.172767994697	1.5	0	0	TC	FR17
1.24081532048208 44.9291999068128	1.5	0	0	TC	FR18
2.65937471640254 46.1391667583593	1.5	0	0	TC	FR20
1.3302105863731 45.6940875060598	1.5	0	0	TC	FR21
1.64987285858382 44.1232240850297	1.5	0	0	TC	FR22
3.49483491920902 46.3131006327252	1.5	0	0	TC	FR23
0.996067981364068 45.2429145699876	1.5	0	0	TC	FR24
4.3974004616311 46.6095465510729	1.5	0	0	TC	FR25
1.33513487267162 46.2061390907841	1.5	0	0	TC	FR26
2.1656596356442 46.51216146321	1.5	0	0	TC	FR27
2.27289 43.8041	1.5	0	0	TC	PY19
1.5554999999999999 44.6242	1.5	0	0	TC	PY29A
9.702058 40.831599	1.5	0	0	TC	SAR01
9.031679 39.951923	1.5	0	0	TC	SAR02
8.90458 39.300079	1.5	0	0	TC	SAR03
9.095645 40.717178	1.5	0	0	TC	ZLS02
9.647323 39.974155	1.5	0	0	TC	ZLS04
9.51649 39.144465	1.5	0	0	TC	ZLS06
8.4608 39.742072	1.5	0	0	TC	ZLS08
8.240092 40.987955	1.5	0	0	TC	ZLS09
8.749865 40.450518	1.5	0	0	TC	ZLS10
