16.795743 40.34035
17.82957 40.288668
18.265048 40.400216
18.159089 39.880758
15.585996 47.603986
18.1037 43.2966
15.277457 45.13512
18.404567 45.196685
19.044115 45.325987
21.13842 40.19588
10.928 46.5068
11.8805 46.6246
12.005684 44.582485
9.761312 46.047153
27.1119 48.0311
28.3517 47.4524
28.6553 46.3003
24.545 47.841
8.9 38.98
20.51315 44.69595
22.01765 44.09043
20.152395 43.576676
19.8 45.75
22.2 43.25
20.7703554348915 45.188620289546
21.120913 43.214253
21.215175 44.265486
19.528069 44.549344
23.0203 48.338
23.5121 48.512
24.1663 48.0259
