16.795743 40.34035	1.5	0	0	TC	APU01
17.82957 40.288668	1.5	0	0	TC	APU02
18.265048 40.400216	1.5	0	0	TC	APU03
18.159089 39.880758	1.5	0	0	TC	APU04
15.585996 47.603986	1.5	0	0	TC	A012A
18.404567 45.196685	1.5	0	0	TC	HR16A
19.044115 45.325987	1.5	0	0	TC	HR17A
10.928 46.5068	1.5	0	0	TC	A290A
11.8805 46.6246	1.5	0	0	TC	A291A
27.1119 48.0311	1.5	0	0	TC	MD01
28.3517 47.4524	1.5	0	0	TC	MD02
28.6553 46.3003	1.5	0	0	TC	MD03
24.545 47.841	1.5	0	0	TC	RO08A
20.51315 44.69595	1.5	0	0	TC	AVAS
22.01765 44.09043	1.5	0	0	TC	BORS
20.152395 43.576676	1.5	0	0	TC	IVAS
19.8 45.75	1.5	0	0	TC	RS01A
22.2 43.25	1.5	0	0	TC	RS02A
20.7703554348915 45.188620289546	1.5	0	0	TC	SAMOS
21.120913 43.214253	1.5	0	0	TC	SELS
21.215175 44.265486	1.5	0	0	TC	SVIS
19.528069 44.549344	1.5	0	0	TC	TEKS
25.06454 48.3137	1.5	0	0	TC	KSV
23.51239 48.51207	1.5	0	0	TC	MEZ
23.45661 48.19759	1.5	0	0	TC	NSLU
24.16624 48.02591	1.5	0	0	TC	RAKU
22.62305 49.01619	1.5	0	0	TC	STZU
