26.4263 49.2138
26.46 48.563
23.1339 48.1573
25.0648 48.3137
23.5121 48.512
23.876 49.124
22.6874 48.4536
27.3664 48.5947
24.1663 48.0259
24.5014 48.7106
22.991861 49.333676
24.951424 49.457821
25.933706 48.741017
25.923356 48.296078
22.6842196 49.0638537
22.896893 50.0216728
21.889923 49.9045362
20.923406 49.596788
21.4761583 50.2310283
20.323381 50.233895
22.137023 49.593843
21.405213 49.641672
22.1171633 50.229965
20.94424 50.283043
19.8706428 49.5583546
19.004227 49.723945
19.528032 49.918358
18.35449907 50.06966281
19.861766 49.294
