22.68422 48.983854	1.5	0	1	TC	PL01A
22.536529 49.297962	1.5	0	1	TC	PL02A
22.896893 49.941673	1.5	0	1	TC	PL03A
23.228785 50.159687000000005	1.5	0	1	TC	PL04A
22.120825 49.179841	1.5	0	1	TC	PL05A
22.137023 49.513843	1.5	0	1	TC	PL06A
22.404111 49.863115	1.5	0	1	TC	PL07A
22.676623 50.296297	1.5	0	1	TC	PL08A
21.405213 49.561672	1.5	0	1	TC	PL09A
21.889923 49.824536	1.5	0	1	TC	PL10A
22.117163 50.149965	1.5	0	1	TC	PL11A
21.929433 50.499161	1.5	0	1	TC	PL12A
20.923406 49.516788	1.5	0	1	TC	PL13A
21.069613 49.799362	1.5	0	1	TC	PL14A
21.476158 50.151028000000004	1.5	0	1	TC	PL15A
21.3554771 50.512397400000005	1.5	0	1	TC	PL16A
20.30111 49.520797	1.5	0	1	TC	PL17A
20.5063206 49.8898008	1.5	0	1	TC	PL18A
20.94424 50.203043	1.5	0	1	TC	PL19A
19.8706428 49.4783546	1.5	0	1	TC	PL21A
20.0736794 49.755914000000004	1.5	0	1	TC	PL22A
20.323381 50.153895	1.5	0	1	TC	PL23A
19.004227 49.643945	1.5	0	1	TC	PL24A
19.17382 50.11022	1.5	0	1	TC	PL26A
18.708992 49.822233000000004	1.5	0	1	TC	PL27A
17.694362 50.064238	1.5	0	1	TC	PL30A
18.354499 49.989663	1.5	0	1	TC	PL31A
19.861766 49.214	1.5	0	1	TC	PL32A
18.99225 50.21087	1.5	0	1	TC	PL33A
19.605 49.8273	1.5	0	1	TC	PL34A
19.52794 49.838193000000004	1.5	0	1	TC	PL25A
