22.68422 49.063854
22.536529 49.377962
22.896893 50.021673
23.228785 50.239687
22.120825 49.259841
22.137023 49.593843
22.404111 49.943115
22.676623 50.376297
21.405213 49.641672
21.889923 49.904536
22.117163 50.229965
21.929433 50.579161
20.923406 49.596788
21.069613 49.879362
21.476158 50.231028
21.3554771 50.5923974
20.30111 49.600797
20.5063206 49.9698008
20.94424 50.283043
19.8706428 49.5583546
20.0736794 49.835914
20.323381 50.233895
19.004227 49.723945
19.17382 50.19022
18.708992 49.902233
17.694362 50.144238
18.354499 50.069663
19.861766 49.294
18.99225 50.29087
19.605 49.9073
19.52794 49.918193
