16.590442 48.728694
16.594215 48.362882
17.053046 47.758925
16.396784 47.962882
16.205468 48.37198
15.652187 48.368663
15.958719 47.40859
15.406258 48.063503
15.161949 48.348264
14.649613 48.301372
14.758903 47.947999
15.077621 47.743667
15.085607 47.445667
15.298745 46.94884
15.825348 46.756569
14.140075 48.100292
18.220939 49.150114
18.464488 48.804489
17.104104 48.715571
17.674728 48.604392
18.335925 48.446947
18.999038 48.233339
17.789761 48.244305
18.352505999999998 48.015155
17.655876 47.829403
15.94115 44.10775
16.28067 43.82178
16.05788 43.59037
16.61076 43.51695
17.21874 43.34215
17.37366 43.20671
27.1932163 43.6885834
27.7089688 43.6287568
26.4608157 42.8336613
18.708992 49.902233
23.8756133 44.7765142
24.3136466 44.9801045
24.7919302 43.8298535
26.574984 44.1142259
18.80446 49.47437
19.3038986 49.4548228
18.86106 49.1745
19.75251 48.9247
19.7126 48.5689
20.18784 48.84852
19.99421 48.3175
20.69957 49.31546
20.742376 49.00075
21.23942 49.20663
21.174 48.91368
21.93277 49.24889
21.60924 49.21382
21.24357 49.41712
