23.290622 41.285234
24.159552 41.159824
24.882464 41.149776
24.96409 40.980426
25.598931 40.868657
26.271823 41.33885
22.020757 40.784455
23.687219 40.660191
21.594281 40.48323
22.189651 40.522773
22.541959 40.470873
23.185904 40.351632
20.578799 39.900044
21.047022 39.940931
21.938318 40.041597
21.630671 39.733743
22.668355 39.728109
20.016319 39.404692
21.746351 39.235059
22.513179 39.372623
22.826363 39.089484
23.229 38.807616
22.194394 38.688703
23.410702 38.399989
24.233059 38.182439
21.14024 37.889878
21.922542 37.704209
22.577381 37.521743
22.521211 37.033063
22.987585 36.967115
22.333655 36.762178
21.851105 42.278931
20.883877 42.013111
21.989772 41.196094
22.88863 41.419066
13.127954 45.819313
12.620993 45.619781
11.9713 45.6335
12.3182 45.3443
8.768451 45.379418
8.361122 45.622598
8.288635 45.237928
9.383602 45.137131
7.880076 44.535805
9.836959 44.873936
12.069651 44.983948
11.435935 44.660509
8.2042 40.9429
8.7798 39.7019
8.7642 40.2658
8.3488 40.5069
9.4622 40.8148
9.5158 39.934
8.7996 40.7896
16.287281 45.360854
17.248394 45.417427
16.119632 46.003868
15.78778 45.8698396
16.24402 46.16748
15.4719 45.728763
15.57944 45.4075
15.84483 45.506551
15.57944 45.4075
16.90884 45.26954
16.612595 45.74821
15.697693 45.818786
16.188016 45.424458
16.27109 45.42706
16.59289 45.314612
15.55595 44.08133
15.97339 43.86128
16.37304 43.66427
16.58204 43.82542
16.90315 43.48575
17.60992 42.98679
19.9455 40.7082
19.7178 41.6367
20.5987 40.1499
20.4396 41.6848
20.0155 40.2948
22.8692 37.8902
22.659 38.7664
23.786496 38.406639
23.5875 38.7058
23.3122 38.1642
21.330448 41.031993
22.306849 42.109081
21.246682 41.369637
20.792405 41.111682
21.755845 41.778615
21.434422 41.971467
22.43792 41.77559
22.564576 41.321616
20.558015 41.479627
21.81534 42.816477
19.406053 43.865157
20.715084 43.888764
19.973146 43.261405
8.327315 46.010724
8.4388 46.13512
8.288 45.9358
4.072 46.9556
3.4984 46.9102
3.2459 46.6118
4.58183092761917 46.5962914700596
2.09028 46.5436
3.4474 46.3781
1.29683 46.1964
4.1241 46.2034
2.62999 46.1382
0.895067 45.9823
4.06484 45.829
1.24299 45.7452
1.96176 45.5812
4.04177 45.4815
1.07452 45.2653
3.97047 45.2732
2.2587 45.1452
2.80704 44.9672
1.77448 44.9441
1.24643 44.9309
4.45159777080876 44.8920016407188
3.80177 44.6463
3.3398 44.7343
1.54271 44.6604
2.07924 44.603
4.58689676631713 44.5069023944552
2.58325 44.3963
3.12946 44.2662
3.58737 44.2059
1.6665 44.0562
4.52799189033309 44.0514683078608
2.59704 44.0114
2.2613 43.8033
3.35195 43.7276
2.69165 43.5512
18.96271 43.62646
18.42409 43.87458
17.688522 43.821239
17.793517 43.348317
18.585392 43.169517
18.446322 43.502236
18.036111 43.751114
18.008219 44.235739
16.615556 44.785611
17.165691 44.068548
16.531313 44.481844
17.157294 44.393089
16.320242 44.890764
17.657208 44.513557
18.464769 45.058136
18.089228 44.726258
18.551372 44.383708
18.997248 44.770368
19.093175 44.398208
17.662483 45.092811
27.669172 43.1195367
27.1993406 42.6037396
26.2548328 42.0614521
27.72946 42.0875621
22.536529 49.377962
22.137023 49.593843
22.6766233 50.3762967
21.405213 49.641672
22.1171633 50.229965
21.069613 49.879362
21.3554771 50.5923974
20.30111 49.600797
20.5063206 49.9698008
20.94424 50.283043
19.8706428 49.5583546
19.004227 49.723945
19.173745 50.1902236
17.6944065 50.1442223
18.35449907 50.06966281
19.861766 49.294
18.99225 50.29087
19.605 49.9073
23.7148 46.235
25.3083 46.9461
27.4472 45.0784
22.3387 47.3108
27.123 46.35
20.9038 45.7162
22.2469 46.4082
25.4752 45.0282
23.2152 45.63263
21.8528 46.6164
24.8165 45.7651
23.7265 45.8661
20.6203 45.8832
21.5762 45.9792
22.53426 46.02433
27.1065 46.8187
24.529245 46.835861
24.995758 46.146149
25.690418 47.210884
21.3114 46.2776
23.8246 47.2213
26.6592 47.2784
22.9964 46.4139
25.8537 46.3941
25.123985 47.340267
24.4502 47.4602
25.940386 47.683804
26.646 47.7358
26.0556 46.6205
25.6834 45.2178
27.4389 45.4599
27.2557 46.6206
25.9743289 44.2228719
14.993574 48.934141
14.732612 48.634316
14.070468 48.460861
14.416341 47.520995
14.551274 46.933264
14.007304 46.815741
13.949906 47.094808
13.761081 47.430144
13.561024 47.82783
13.497524 48.427019
13.306443 48.122971
13.125995 47.479792
13.078006 46.911289
12.64199 47.160486
12.30854 47.37898
14.1494 49.6168
14.7074 49.2288
14.9288 49.684
15.0341 50.0752
15.6502 50.061
15.6077 49.6959
15.7007 48.9434
16.1962 49.4392
16.1457 49.8528
16.8893 49.7049
17.29109 49.43025
17.092 49.1521
9.656586 48.126633
11.849 47.7528
11.0032 47.6836
12.396 47.8673
12.975 48.2928
12.4605 48.478
16.70589 47.28327
17.148597 46.952098
16.520261 46.864247
17.314765 46.640763
17.289686 46.159675
17.795495 46.424445
18.264761 46.525589
18.481994 46.946341
18.834197 47.154749
18.965496 46.744449
17.81597 45.916386
10.7334 48.1651
11.9233 48.3067
19.548644 42.346311
19.396256 41.408543
20.00436 41.60239
19.561699 41.00722
20.391561 40.70541
19.75818 40.088996
20.6789 40.899575
20.10249 41.10506
19.769925 50.116738
19.810542 50.016193
19.9698 49.9093
20.0818 49.74689
20.2179 49.65577
20.248146 49.512584
20.26885 49.46112
20.297044 49.335814
20.27173 49.271638
20.282117 49.163662
20.32199 49.034534
20.26517 48.916722
20.2836227 48.7901177
20.3406 48.7117
20.467396 48.636259
20.520831 48.556669
20.5398538 48.3421256
20.510985 48.219082
19.1844 42.1866
21.4378 42.4605
21.219657 42.65881
19.6203 47.3447
20.525 48.1222
19.5997 47.9039
19.4386 46.8138
21.1376 47.5514
20.5675 46.7123
21.9143 47.9811
17.9238 47.4313
18.3824 47.6386
19.0186 47.8452
21.1677 47.9245
20.826788 47.182768
20.0345 46.9877
20.079 46.4475
19.729025 46.332947
19.131119 46.327828
20.2496 47.6389
21.159 46.9099
20.5374 48.4955
20.401716 42.073023
19.5153 42.8503
19.880726 42.845988
19.121894 43.155736
19.357467 43.350204
18.50915 42.45971
18.952912 42.766997
20.278331 42.642563
20.758149 42.210768
19.95867 42.59444
20.9378 42.8728
19.2497 41.96337
20.6231 42.4481
