13.127954 45.819313	1.5	0	0	TC	A300A
12.620993 45.619781	1.5	0	0	TC	A301A
8.2042 40.9429	1.5	0	0	TC	IT20A
8.7798 39.7019	1.5	0	0	TC	IT21A
8.7642 40.2658	1.5	0	0	TC	IT23A
8.3488 40.5069	1.5	0	0	TC	IT24A
9.4622 40.8148	1.5	0	0	TC	IT26A
9.5158 39.934	1.5	0	0	TC	IT27A
8.7996 40.7896	1.5	0	0	TC	IT28A
16.287281 45.360854	1.5	0	0	TC	7422
17.248394 45.417427	1.5	0	0	TC	7433
16.119632 46.003868	1.5	0	0	TC	7440
15.78778 45.8698396	1.5	0	0	TC	7442
16.24402 46.16748	1.5	0	0	TC	7443
15.4719 45.728763	1.5	0	0	TC	7445
15.57944 45.4075	1.5	0	0	TC	7489
15.84483 45.506551	1.5	0	0	TC	7491
15.57944 45.4075	1.5	0	0	TC	7493
16.90884 45.26954	1.5	0	0	TC	7496
16.612595 45.74821	1.5	0	0	TC	7498
15.697693 45.818786	1.5	0	0	TC	7499
16.188016 45.424458	1.5	0	0	TC	7500
16.27109 45.42706	1.5	0	0	TC	7501
16.59289 45.314612	1.5	0	0	TC	7502
21.330448 41.031993	1.5	0	0	TC	BIA
22.306849 42.109081	1.5	0	0	TC	KNEZ
21.246682 41.369637	1.5	0	0	TC	KRUS
20.792405 41.111682	1.5	0	0	TC	OHR
21.755845 41.778615	1.5	0	0	TC	OTOV
21.434422 41.971467	1.5	0	0	TC	SKO
22.43792 41.77559	1.5	0	0	TC	STIP
22.564576 41.321616	1.5	0	0	TC	VAY
20.558015 41.479627	1.5	0	0	TC	ZUPA
21.81534 42.816477	1.5	0	0	TC	BARS
19.991711 44.098236	1.5	0	0	TC	DIVS
8.327315 46.010724	1.5	0	0	TC	DIV02
8.4388 46.13512	1.5	0	0	TC	DIV11
8.288 45.9358	1.5	0	0	TC	DIV60
23.524965 42.047733	1.5	0	0	TC	BG15A
21.8528 46.6164	1.5	0	0	TC	RO21A
19.1844 42.1866	1.5	0	0	TC	DRME
21.4378 42.4605	1.5	0	0	TC	GJIK
19.5153 42.8503	1.5	0	0	TC	KOME
20.9378 42.8728	1.5	0	0	TC	SMRK
19.2497 41.96337	1.5	0	0	TC	ULC
20.6231 42.4481	1.5	0	0	TC	ZATK
