23.290622 41.285234 0.0 40 40
24.159552 41.159824 0.0 40 40
24.882464 41.149776 0.0 40 40
24.96409 40.980426 0.0 40 40
25.598931 40.868657 0.0 40 40
26.271823 41.33885 0.0 40 40
22.020757 40.784455 0.0 40 40
23.687219 40.660191 0.0 40 40
21.594281 40.48323 0.0 40 40
22.189651 40.522773 0.0 40 40
22.541959 40.470873 0.0 40 40
23.185904 40.351632 0.0 40 40
20.578799 39.900044 0.0 40 40
21.047022 39.940931 0.0 40 40
21.938318 40.041597 0.0 40 40
21.630671 39.733743 0.0 40 40
22.668355 39.728109 0.0 40 40
20.016319 39.404692 0.0 40 40
21.746351 39.235059 0.0 40 40
22.513179 39.372623 0.0 40 40
22.826363 39.089484 0.0 40 40
23.229 38.807616 0.0 40 40
22.194394 38.688703 0.0 40 40
23.410702 38.399989 0.0 40 40
24.233059 38.182439 0.0 40 40
21.14024 37.889878 0.0 40 40
21.922542 37.704209 0.0 40 40
22.577381 37.521743 0.0 40 40
22.521211 37.033063 0.0 40 40
22.987585 36.967115 0.0 40 40
22.333655 36.762178 0.0 40 40
21.851105 42.278931 0.0 40 40
20.883877 42.013111 0.0 40 40
21.989772 41.196094 0.0 40 40
22.88863 41.419066 0.0 40 40
21.138052 40.196088 0.0 40 40
13.127954 45.819313 0.0 40 40
12.620993 45.619781 0.0 40 40
11.9713 45.6335 0.0 40 40
12.3182 45.3443 0.0 40 40
8.768451 45.379418 0.0 40 40
8.361122 45.622598 0.0 40 40
8.288635 45.237928 0.0 40 40
9.383602 45.137131 0.0 40 40
7.880076 44.535805 0.0 40 40
9.836959 44.873936 0.0 40 40
12.069651 44.983948 0.0 40 40
11.435935 44.660509 0.0 40 40
8.2042 40.9429 0.0 40 40
8.9235 38.98942 0.0 40 40
8.7642 40.2658 0.0 40 40
8.3488 40.5069 0.0 40 40
9.4622 40.8148 0.0 40 40
9.5158 39.934 0.0 40 40
8.7996 40.7896 0.0 40 40
16.590442 48.728694 0.0 40 40
16.594215 48.362882 0.0 40 40
17.053046 47.758925 0.0 40 40
16.396784 47.962882 0.0 40 40
16.205468 48.37198 0.0 40 40
15.652187 48.368663 0.0 40 40
15.958719 47.40859 0.0 40 40
15.406258 48.063503 0.0 40 40
15.161949 48.348264 0.0 40 40
14.649613 48.301372 0.0 40 40
14.758903 47.947999 0.0 40 40
15.077621 47.743667 0.0 40 40
15.085607 47.445667 0.0 40 40
15.298745 46.94884 0.0 40 40
15.825348 46.756569 0.0 40 40
14.140075 48.100292 0.0 40 40
18.220939 49.150114 0.0 40 40
18.464488 48.804489 0.0 40 40
17.104104 48.715571 0.0 40 40
17.674728 48.604392 0.0 40 40
18.335925 48.446947 0.0 40 40
18.999038 48.233339 0.0 40 40
17.789761 48.244305 0.0 40 40
18.352506 48.015155 0.0 40 40
17.655876 47.829403 0.0 40 40
15.55595 44.08133 0.0 40 40
15.94115 44.10775 0.0 40 40
15.97339 43.86128 0.0 40 40
16.28067 43.82178 0.0 40 40
16.05788 43.59037 0.0 40 40
16.37304 43.66427 0.0 40 40
16.58204 43.82542 0.0 40 40
16.61076 43.51695 0.0 40 40
16.90315 43.48575 0.0 40 40
17.21874 43.34215 0.0 40 40
17.37366 43.20671 0.0 40 40
17.60992 42.98679 0.0 40 40
19.9455 40.7082 0.0 40 40
19.7178 41.6367 0.0 40 40
20.5987 40.1499 0.0 40 40
20.4396 41.6848 0.0 40 40
22.8692 37.8902 0.0 40 40
22.659 38.7664 0.0 40 40
23.786496 38.406639 0.0 40 40
23.5875 38.7058 0.0 40 40
23.3122 38.1642 0.0 40 40
21.330448 41.031993 0.0 40 40
22.306849 42.109081 0.0 40 40
21.246682 41.369637 0.0 40 40
20.792405 41.111682 0.0 40 40
21.755845 41.778615 0.0 40 40
21.434422 41.971467 0.0 40 40
22.43792 41.77559 0.0 40 40
22.564576 41.321616 0.0 40 40
20.558015 41.479627 0.0 40 40
19.991711 44.098236 0.0 40 40
19.406053 43.865157 0.0 40 40
20.715084 43.888764 0.0 40 40
19.973146 43.261405 0.0 40 40
4.072 46.9556 0.0 40 40
3.4984 46.9102 0.0 40 40
3.2459 46.6118 0.0 40 40
4.58183092761917 46.5962914700596 0.0 40 40
2.09028 46.5436 0.0 40 40
3.4474 46.3781 0.0 40 40
1.29683 46.1964 0.0 40 40
4.1241 46.2034 0.0 40 40
2.62999 46.1382 0.0 40 40
0.895067 45.9823 0.0 40 40
4.06484 45.829 0.0 40 40
1.24299 45.7452 0.0 40 40
1.96176 45.5812 0.0 40 40
4.04177 45.4815 0.0 40 40
1.07452 45.2653 0.0 40 40
3.97047 45.2732 0.0 40 40
2.2587 45.1452 0.0 40 40
2.80704 44.9672 0.0 40 40
1.77448 44.9441 0.0 40 40
1.24643 44.9309 0.0 40 40
4.45159777080876 44.8920016407188 0.0 40 40
3.80177 44.6463 0.0 40 40
3.3398 44.7343 0.0 40 40
1.54271 44.6604 0.0 40 40
2.07924 44.603 0.0 40 40
4.58689676631713 44.5069023944552 0.0 40 40
2.58325 44.3963 0.0 40 40
3.12946 44.2662 0.0 40 40
3.58737 44.2059 0.0 40 40
1.6665 44.0562 0.0 40 40
4.52799189033309 44.0514683078608 0.0 40 40
2.59704 44.0114 0.0 40 40
2.2613 43.8033 0.0 40 40
3.35195 43.7276 0.0 40 40
2.69165 43.5512 0.0 40 40
18.96271 43.62646 0.0 40 40
18.42409 43.87458 0.0 40 40
17.688522 43.821239 0.0 40 40
17.793517 43.348317 0.0 40 40
18.585392 43.169517 0.0 40 40
18.446322 43.502236 0.0 40 40
18.036111 43.751114 0.0 40 40
18.008219 44.235739 0.0 40 40
16.615556 44.785611 0.0 40 40
17.165691 44.068548 0.0 40 40
16.531313 44.481844 0.0 40 40
17.157294 44.393089 0.0 40 40
16.320242 44.890764 0.0 40 40
17.657208 44.513557 0.0 40 40
18.464769 45.058136 0.0 40 40
18.089228 44.726258 0.0 40 40
18.551372 44.383708 0.0 40 40
18.997248 44.770368 0.0 40 40
19.093175 44.398208 0.0 40 40
17.662483 45.092811 0.0 40 40
27.669172 43.1195367 0.0 40 40
27.1932163 43.6885834 0.0 40 40
27.7089688 43.6287568 0.0 40 40
26.9381081 43.1321836 0.0 40 40
26.4608157 42.8336613 0.0 40 40
27.1993406 42.6037396 0.0 40 40
23.63689 42.991448 0.0 40 40
24.49 42.96 0.0 40 40
24.76 42.59 0.0 40 40
25.331197 42.531642 0.0 40 40
25.804958 42.413133 0.0 40 40
26.2548328 42.0614521 0.0 40 40
26.7803679 42.1181898 0.0 40 40
27.72946 42.0875621 0.0 40 40
22.831374 42.288958 0.0 40 40
23.988035 42.192493 0.0 40 40
24.145215 41.766003 0.0 40 40
25.807248 41.520753 0.0 40 40
25.9562249 43.7176294 0.0 40 40
22.797826 43.879918 0.0 40 40
23.116078 43.405501 0.0 40 40
24.0802 43.6474 0.0 40 40
25.5778 42.0457 0.0 40 40
28.877099 44.7659321 0.0 40 40
22.6842196 49.0638537 0.0 40 40
22.536529 49.377962 0.0 40 40
22.896893 50.0216728 0.0 40 40
23.228785 50.2396867 0.0 40 40
22.120825 49.259841 0.0 40 40
22.137023 49.593843 0.0 40 40
22.404111 49.943115 0.0 40 40
22.6766233 50.3762967 0.0 40 40
21.405213 49.641672 0.0 40 40
21.889923 49.9045362 0.0 40 40
22.1171633 50.229965 0.0 40 40
21.929433 50.579161 0.0 40 40
20.923406 49.596788 0.0 40 40
21.069613 49.879362 0.0 40 40
21.4761583 50.2310283 0.0 40 40
21.3554771 50.5923974 0.0 40 40
20.30111 49.600797 0.0 40 40
20.5063206 49.9698008 0.0 40 40
20.94424 50.283043 0.0 40 40
19.8706428 49.5583546 0.0 40 40
20.0736794 49.835914 0.0 40 40
20.323381 50.233895 0.0 40 40
19.004227 49.723945 0.0 40 40
19.173745 50.1902236 0.0 40 40
18.708992 49.902233 0.0 40 40
17.6944065 50.1442223 0.0 40 40
18.35449907 50.06966281 0.0 40 40
19.861766 49.294 0.0 40 40
18.99225 50.29087 0.0 40 40
19.605 49.9073 0.0 40 40
23.7148 46.235 0.0 40 40
25.3083 46.9461 0.0 40 40
23.8756133 44.7765142 0.0 40 40
27.4472 45.0784 0.0 40 40
24.3136466 44.9801045 0.0 40 40
22.3387 47.3108 0.0 40 40
27.123 46.35 0.0 40 40
20.9038 45.7162 0.0 40 40
21.7778656 45.1564886 0.0 40 40
22.8129 44.9836 0.0 40 40
25.599565 44.5828828 0.0 40 40
24.7919302 43.8298535 0.0 40 40
22.2469 46.4082 0.0 40 40
24.3981961 44.3138567 0.0 40 40
26.574984 44.1142259 0.0 40 40
25.4752 45.0282 0.0 40 40
23.2152 45.63263 0.0 40 40
23.31579 45.15239 0.0 40 40
22.0971517 45.3875322 0.0 40 40
24.8165 45.7651 0.0 40 40
23.7265 45.8661 0.0 40 40
20.6203 45.8832 0.0 40 40
21.5762 45.9792 0.0 40 40
22.53426 46.02433 0.0 40 40
27.1065 46.8187 0.0 40 40
24.529245 46.835861 0.0 40 40
24.995758 46.146149 0.0 40 40
25.690418 47.210884 0.0 40 40
21.3114 46.2776 0.0 40 40
23.8246 47.2213 0.0 40 40
26.6592 47.2784 0.0 40 40
22.9964 46.4139 0.0 40 40
25.8537 46.3941 0.0 40 40
25.123985 47.340267 0.0 40 40
24.4502 47.4602 0.0 40 40
25.940386 47.683804 0.0 40 40
26.646 47.7358 0.0 40 40
26.0556 46.6205 0.0 40 40
25.6834 45.2178 0.0 40 40
27.4389 45.4599 0.0 40 40
27.2557 46.6206 0.0 40 40
25.9743289 44.2228719 0.0 40 40
23.4355 43.6898 0.0 40 40
14.993574 48.934141 0.0 40 40
14.070468 48.460861 0.0 40 40
14.416341 47.520995 0.0 40 40
14.551274 46.933264 0.0 40 40
14.007304 46.815741 0.0 40 40
13.949906 47.094808 0.0 40 40
13.761081 47.430144 0.0 40 40
13.561024 47.82783 0.0 40 40
13.497524 48.427019 0.0 40 40
13.125995 47.479792 0.0 40 40
13.078006 46.911289 0.0 40 40
12.64199 47.160486 0.0 40 40
12.30854 47.37898 0.0 40 40
14.1494 49.6168 0.0 40 40
14.0739 49.2705 0.0 40 40
14.7074 49.2288 0.0 40 40
14.9288 49.684 0.0 40 40
15.0341 50.0752 0.0 40 40
15.6502 50.061 0.0 40 40
15.6077 49.6959 0.0 40 40
15.7007 48.9434 0.0 40 40
16.1962 49.4392 0.0 40 40
16.1457 49.8528 0.0 40 40
16.8893 49.7049 0.0 40 40
17.29109 49.43025 0.0 40 40
17.092 49.1521 0.0 40 40
9.656586 48.126633 0.0 40 40
11.849 47.7528 0.0 40 40
11.0032 47.6836 0.0 40 40
12.396 47.8673 0.0 40 40
12.975 48.2928 0.0 40 40
12.4605 48.478 0.0 40 40
16.70589 47.28327 0.0 40 40
17.148597 46.952098 0.0 40 40
16.520261 46.864247 0.0 40 40
17.314765 46.640763 0.0 40 40
17.289686 46.159675 0.0 40 40
17.795495 46.424445 0.0 40 40
18.264761 46.525589 0.0 40 40
18.481994 46.946341 0.0 40 40
18.834197 47.154749 0.0 40 40
18.965496 46.744449 0.0 40 40
17.81597 45.916386 0.0 40 40
10.7334 48.1651 0.0 40 40
19.548644 42.346311 0.0 40 40
19.396256 41.408543 0.0 40 40
20.00436 41.60239 0.0 40 40
19.561699 41.00722 0.0 40 40
20.391561 40.70541 0.0 40 40
19.75818 40.088996 0.0 40 40
20.6789 40.899575 0.0 40 40
20.10249 41.10506 0.0 40 40
18.54394 42.90072 0.0 40 40
19.769925 50.116738 0.0 40 40
19.810542 50.016193 0.0 40 40
19.9698 49.9093 0.0 40 40
20.0818 49.74689 0.0 40 40
20.2179 49.65577 0.0 40 40
20.248146 49.512584 0.0 40 40
20.26885 49.46112 0.0 40 40
20.297044 49.335814 0.0 40 40
20.27173 49.271638 0.0 40 40
20.282117 49.163662 0.0 40 40
20.32199 49.034534 0.0 40 40
20.26517 48.916722 0.0 40 40
20.2836227 48.7901177 0.0 40 40
20.3406 48.7117 0.0 40 40
20.467396 48.636259 0.0 40 40
20.520831 48.556669 0.0 40 40
20.5398538 48.3421256 0.0 40 40
20.510985 48.219082 0.0 40 40
21.219657 42.65881 0.0 40 40
19.6203 47.3447 0.0 40 40
20.525 48.1222 0.0 40 40
19.5997 47.9039 0.0 40 40
19.4386 46.8138 0.0 40 40
21.1376 47.5514 0.0 40 40
20.5675 46.7123 0.0 40 40
21.9143 47.9811 0.0 40 40
17.9238 47.4313 0.0 40 40
18.3824 47.6386 0.0 40 40
19.0186 47.8452 0.0 40 40
21.1677 47.9245 0.0 40 40
20.826788 47.182768 0.0 40 40
20.0345 46.9877 0.0 40 40
20.079 46.4475 0.0 40 40
19.729025 46.332947 0.0 40 40
19.131119 46.327828 0.0 40 40
21.159 46.9099 0.0 40 40
20.5374 48.4955 0.0 40 40
20.401716 42.073023 0.0 40 40
19.880726 42.845988 0.0 40 40
19.121894 43.155736 0.0 40 40
19.357467 43.350204 0.0 40 40
18.50915 42.45971 0.0 40 40
18.952912 42.766997 0.0 40 40
20.278331 42.642563 0.0 40 40
20.758149 42.210768 0.0 40 40
19.95867 42.59444 0.0 40 40
18.80446 49.47437 0.0 40 40
19.3038986 49.4548228 0.0 40 40
18.86106 49.1745 0.0 40 40
19.13803 48.86676 0.0 40 40
19.14271 48.50926 0.0 40 40
19.75251 48.9247 0.0 40 40
19.7126 48.5689 0.0 40 40
20.18784 48.84852 0.0 40 40
19.99421 48.3175 0.0 40 40
20.69957 49.31546 0.0 40 40
20.742376 49.00075 0.0 40 40
20.51141 48.70615 0.0 40 40
21.23942 49.20663 0.0 40 40
21.174 48.91368 0.0 40 40
21.93277 49.24889 0.0 40 40
21.60924 49.21382 0.0 40 40
21.99737 49.01312 0.0 40 40
21.72127 48.61993 0.0 40 40
21.24357 49.41712 0.0 40 40
9.761312 46.047153 0.0 40 40
19.52794 49.918193 0.0 40 40
13.306443 48.122971 0.0 40 40
14.2845 48.864 0.0 40 40
17.8278 49.3655 0.0 40 40
11.9233 48.3067 0.0 40 40
20.2496 47.6389 0.0 40 40
