13.127954 45.819313
12.620993 45.619781
8.2042 40.9429
8.7798 39.7019
8.7642 40.2658
8.3488 40.5069
9.4622 40.8148
9.5158 39.934
8.7996 40.7896
16.287281 45.360854
17.248394 45.417427
16.119632 46.003868
15.78778 45.8698396
16.24402 46.16748
15.4719 45.728763
15.57944 45.4075
15.84483 45.506551
15.57944 45.4075
16.90884 45.26954
16.612595 45.74821
15.697693 45.818786
16.188016 45.424458
16.27109 45.42706
16.59289 45.314612
21.330448 41.031993
22.306849 42.109081
21.246682 41.369637
20.792405 41.111682
21.755845 41.778615
21.434422 41.971467
22.43792 41.77559
22.564576 41.321616
20.558015 41.479627
21.81534 42.816477
19.991711 44.098236
8.327315 46.010724
8.4388 46.13512
8.288 45.9358
23.524965 42.047733
21.8528 46.6164
19.1844 42.1866
21.4378 42.4605
19.5153 42.8503
20.9378 42.8728
19.2497 41.96337
20.6231 42.4481
