16.590442 48.648694	1.5	0	1	TC	A001A
16.594215 48.282882	1.5	0	1	TC	A002B
17.053046 47.678925	1.5	0	1	TC	A003A
16.397063 47.882876	1.5	0	1	TC	A004A
16.205439 48.291921	1.5	0	1	TC	A005B
15.652187 48.288663	1.5	0	1	TC	A008A
15.958719 47.32859	1.5	0	1	TC	A011B
15.585996 47.523986	1.5	0	1	TC	A012A
15.406258 47.983503	1.5	0	1	TC	A013A
14.649613 48.221372	1.5	0	1	TC	A016A
14.758903 47.867999000000005	1.5	0	1	TC	A017A
15.077621 47.663667000000004	1.5	0	1	TC	A018A
15.085607 47.365667	1.5	0	1	TC	A019A
15.298745 46.86884	1.5	0	1	TC	A020B
15.825348 46.676569	1.5	0	1	TC	A021A
14.139852 48.020199000000005	1.5	0	1	TC	A024B
18.220939 49.070114000000004	1.5	0	1	TC	A331A
18.464488 48.724489	1.5	0	1	TC	A332A
17.104104 48.635571	1.5	0	1	TC	A333A
17.674728 48.524392	1.5	0	1	TC	A334A
18.335925 48.366947	1.5	0	1	TC	A335A
18.999038 48.153339	1.5	0	1	TC	A336A
17.789761 48.164305	1.5	0	1	TC	A337A
18.352506 47.935155	1.5	0	1	TC	A338A
17.655876 47.749403	1.5	0	1	TC	A339A
15.161949 48.268264	1.5	0	1	TC	A014A
