16.590442 48.728694
16.594215 48.362882
17.053046 47.758925
16.397063 47.962876
16.205439 48.371921
15.652187 48.368663
15.958719 47.40859
15.585996 47.603986
15.406258 48.063503
14.649613 48.301372
14.758903 47.947999
15.077621 47.743667
15.085607 47.445667
15.298745 46.94884
15.825348 46.756569
14.139852 48.100199
18.220939 49.150114
18.464488 48.804489
17.104104 48.715571
17.674728 48.604392
18.335925 48.446947
18.999038 48.233339
17.789761 48.244305
18.352506 48.015155
17.655876 47.829403
15.161949 48.348264
