23.2792 42.856998
24.1735 42.513699
22.998812 38.64957
25.2167 47.6147
25.2175 47.6326
28.0624 44.3207
19.892599 42.042599
26.5296 42.4911
24.747499 42.1469
27.409901 43.160198
24.7388 41.694199
22.651199 42.834599
21.72277 38.3959
21.87263 38.39341
22.184228 38.321815
21.89204 38.30811
14.751474 44.972003
16.784453 43.608877
18.14687 42.66908
16.404696 44.004883
15.270319 44.688436
16.0686 46.1551
16.891928 42.768552
17.019674 43.287712
14.87105 44.56347
15.467266 45.61527
14.4828 45.3251
13.501932 45.494952
18.31235 42.6007
17.6999 42.8716
15.769351 44.531422
15.99417 45.829442
24.0318 49.8186
22.8692 37.8902
22.659 38.7664
23.1189 37.6144
22.9743 37.9879
23.4662 38.0606
24.4853 37.1609
25.4282 36.4159
22.6634 38.0357
23.3122 38.1642
27.131 36.6106
20.696265 37.851123
21.138042 40.196088
20.5746 38.6839
20.656 38.621
20.5841 38.114
22.9628 40.6319
25.429562 36.385841
28.8175 46.9975
29.8723 46.5293
28.3513 48.135
27.3351 44.6102
26.7099 45.5481
23.4969 47.6728
21.7856 47.0902
25.1805 47.633
23.5981 46.7133
22.898 45.887
26.5009 46.9551
22.416 44.881
27.8009 44.1168
28.2467 46.4733
21.7128 44.7815
22.9494 47.1499
28.4224 44.1779
26.2337 47.3552
27.8302 45.5007
22.1246 45.754
24.5222 46.5284
28.0467 44.5445
24.273 45.652
27.6687 45.5939
27.7911 46.6415
7.13579 46.15633
21.948052827 38.414173955
7.863 43.398667
5.801324 45.064487
7.2191 43.64387
13.700627 48.844303
23.93306 38.07794
21.423543 40.802113
21.398453 40.850275
21.58431 40.834563
21.359183 40.779542
21.457443 40.724207
13.216 37.578
15.8856 38.6068
26.609 48.2073
27.408 46.0605
26.9747 45.3801
21.663 46.2653
20.067499 42.3666
20.7874 40.6236
20.4408 41.6847
19.5 42.05
20.0005 39.880001
19.495501 40.468601
22.675 43.6227
25.8751 42.9287
28.4162 43.4059
25.3396 41.630199
23.1287 41.841702
26.4941 43.8024
26.593 43.3701
23.7495 41.546902
23.740101 43.355999
23.4256 42.4762
24.6207 43.387
28.1359 43.637501
25.173201 43.1227
26.5079 43.5662
28.6057 43.5389
25.9762 43.265301
23.234301 42.614399
23.853684 42.064757
11.2795 48.142334
11.22128 47.91084
13.0275 47.6353
12.87726 47.720501
11.2473 48.1522
11.275473 48.162877
11.275394 48.162975
11.275561 48.162972
11.275332 48.162769
11.27502 48.162958
11.275565 48.16308
11.276804 48.165591
11.275476 48.162941
11.275065 48.162904
11.273684 48.164357
11.276289 48.164883
11.2514 48.1629
11.2635 48.1406
12.59719 48.12194
11.51006 48.0675
11.58795 48.07788
11.70738 48.07089
11.7191 47.97956
11.5171 48.0
12.7956 47.737338
12.84195 47.76834
11.709 47.0378
11.288809 48.173897
11.731584 47.826206
6.054836 46.235876
6.07608 46.309893
6.066212 46.266947
8.25474 47.58772
6.95295 46.34176
6.46757 46.7872
8.17798 47.87161
10.023095 46.413636
10.02309 46.41363
8.4249 46.87034
7.2301 47.39364
6.47298 46.93801
6.61184 46.78233
7.12129 47.1609
6.12055 46.29249
8.012475 47.230884
9.87952 46.7805
7.408391 46.081053
7.83223 46.21652
8.84676 47.89519
8.01358 47.43757
8.11051 46.43521
10.263551 46.620334
8.6629 46.45481
6.26545 46.53364
6.74125 46.51109
8.318864 46.578146
7.11106 46.25053
8.15108 46.75673
7.70018 47.66038
6.94038 46.21934
7.29096 46.63395
6.13151 46.43213
6.49025 46.66648
7.77166 46.41554
9.491773 47.294437
7.64433 46.37455
9.00825 46.84676
6.30842 46.346559
8.25262 47.71217
7.11229 45.95101
7.96409 46.0507
7.33701 47.29752
7.16525 47.37927
9.04171 45.92184
8.63706 46.96765
7.64884 47.50647
8.74828 46.595121
9.111708 46.825743
5.90792 46.19107
9.38076 47.04921
9.33601 47.5643
7.92093 47.47612
7.08645 47.30267
6.97302 46.14415
6.09704 46.06019
5.973429 46.065923
7.29938 46.36335
8.01958 46.23962
8.49236 47.7645
8.86899 47.66974
8.11187 47.52753
6.95874 46.77363
8.68161 47.6487
7.59678 46.21006
9.44956 46.48318
9.16648 46.2061
6.27815 46.45175
9.02207 46.42309
9.1231 47.7528
8.98681 47.52976
8.92525 47.09838
8.9077 47.41483
7.62418 46.66488
7.3688 46.99777
8.58088 47.36921
22.11135 38.26051
21.946234287 38.412867442
22.07272 38.36543
18.8477597 45.8542024
17.2 45.884
13.750528 44.905935
16.086 46.372
15.05747 43.99191
16.4488 43.1776
16.455717 46.131166
15.707297 43.866017
16.7544 45.6135
15.623055 44.878389
15.968193 45.907328
17.133 43.4944
17.848056 45.436024
15.986949 45.826997
14.3095 48.8199
16.3222 50.3502
17.6707 48.8591
13.5782 49.1309
16.8341 50.0966
16.3952 49.0619
17.8278 49.3655
17.5428 49.7766
18.14 49.8346
14.4331 50.0703
14.5417 49.9883
15.299556 49.029533
15.4871 49.2948
16.5933 49.3084
14.1928 49.4392
0.760999 45.573975
4.76974 44.37408
3.131 46.052
8.763 41.9279
5.3325 43.4917
5.8067 43.5882
6.1635 42.79483
3.451818 44.519686
4.15633 44.36892
6.045 43.951
6.256064 47.246936
1.7711 45.9568
5.6433 43.8009
6.9218 43.7528
3.111 45.763
6.860238 45.914306
3.8445 46.5581
6.6517 47.2484
3.09 43.135
2.932 45.435
3.6937 45.5004
6.963495 45.820336
7.1312 43.5479
6.7775 44.1095
7.3744 43.831
5.463089 47.505456
5.810501 47.104272
2.563 45.385
1.5912 46.5152
5.7439 45.2413
2.200889 46.173861
6.769854 45.899671
2.701 46.52
7.254296 47.683438
7.05 44.184
3.221365 43.969837
3.247 45.232
2.55412 44.76055
9.158 42.3337
6.919558 43.967022
6.033356 43.079525
5.7675 43.988
7.4246883 43.7303429
1.1953 44.3676
9.363 42.953
7.153 43.896
7.20276 43.6802
6.220211 46.154234
5.571265 46.044516
6.539745 44.78784
5.096617 44.850189
5.549892 44.429092
5.088958 45.153892
6.712353 45.472393
5.069002 44.556977
6.2253 44.1093
4.611435 45.878365
6.709738 44.910273
6.074036 44.370302
6.68308 45.20865
5.889317 45.881011
4.7522 46.3459
5.804671 45.06079
5.806072 45.06951
6.400931 45.036806
6.756875 46.056477
5.697216 45.609238
6.682073 46.329823
6.11233 44.81517
7.617472 44.116444
3.621 45.97
4.743185 46.956839
5.99295 45.23429
3.859081 43.715286
5.922489 46.759014
6.645363 47.710204
6.624517 45.688207
5.4837 43.9412
6.6888 43.881
7.5532 43.986
5.1064 43.9377
3.618578 45.047528
2.1642 44.1912
9.2847 42.0945
7.2366 44.0558
6.601083 43.219667
6.811695 44.480935
6.30604 45.6887
3.9587 44.1054
6.4074 43.7471
7.3919 43.9749
4.892048 44.905697
6.852113 45.839405
2.483 45.749
7.27652 47.965735
4.542 45.279
23.5577 35.3692
15.80632 40.29724
16.70442 40.64907
28.4128 44.4581
11.2768 48.1639
13.700627 48.844303
13.713505 48.83471
10.1071 47.6799
7.263 44.8355
6.934 45.8444
7.557 43.7825
8.2372 44.2075
10.4821 44.0261
7.5681 45.6019
7.4182 44.2294
10.153 44.166
7.8399 44.2416
9.2926 44.6071
10.065 44.4904
10.588 44.3506
7.89317 43.9105
7.1339 45.4596
10.4916 43.9131
7.8082 44.0426
7.70267 43.84617
8.5455 44.5413
10.7568 44.045
7.1157 44.5065
7.1565 45.8378
8.9512 44.4711
8.0667 44.1125
8.3523 44.8493
6.79 44.921
7.2649 45.1482
7.8685 45.8754
7.3263 44.2451
7.7461 45.5122
15.273819832 40.70713985
23.0213 38.6926
23.7845 37.9665
22.9795 38.2569
22.1398 38.3911
24.437 38.0321
21.9785 38.2401
24.0428 35.5193
24.0585 34.8389
24.7995 34.9731
24.4632 35.3486
23.6248 35.2348
25.18017 35.304187
22.9939 36.2447
22.136 36.9261
25.4733 35.0429
23.7577 35.5604
26.0909 35.2021
25.0221 37.6541
23.30117 35.86704
25.52301 37.07274
23.71767 37.97384
21.133032 37.890629
21.8105 38.91657
24.08738 34.83914
25.0709 35.3058
24.89 35.288
23.9811 35.4606
21.92522 37.17872
20.84874 39.65616
27.16106 35.5471
19.79623 39.7127
22.1504 38.0435
25.3372 35.1801
23.0621 36.2566
21.327958 37.964976
24.100138 38.633147
20.823419 37.818792
21.78209 40.30331
21.720929 37.711169
25.18055 39.89725
23.385876 37.578529
23.329567 37.612669
21.576086 37.058679
23.22189 39.30567
27.17666 36.57441
25.61037 35.26134
23.86517 41.34846
19.40567 39.841635
23.44443 40.37328
24.550021 41.35245
23.8638 38.0473
25.53553 41.14503
21.46475 38.05586
25.45926 36.37052
24.81204 35.01777
24.5482 38.8831
25.53045 40.47094
21.274667 39.3445
25.475263 36.366992
22.0144 39.56468
24.1997 35.407
22.94686 36.71803
20.5886 38.17683
23.7942 37.8524
26.21691 35.1147
21.2135 38.9224
21.7089 37.5324
21.9209 38.5933
21.3763 38.1962
21.71 37.952
22.5271 38.4112
21.9058 38.4269
20.5623 38.4593
22.3423 37.9363
20.576 39.2492
20.8367 37.7095
22.9673 38.0228
21.1833 38.5986
21.4073 38.4124
21.0965 39.5299
21.525 38.616
21.742 36.8955
22.0566 38.4133
21.7864 38.2836
22.3793 37.3703
21.8116 38.4222
22.95812 39.00831
22.336 39.0211
25.39669 36.35839
26.046 40.885
25.677949 36.630012
23.8436 39.1478
26.0506 38.3869
25.4056 36.4709
21.386324 40.780935
21.3836 40.7817
22.401 40.957
24.247619 40.2581
23.0996 40.5978
20.3299 39.5315
20.632 38.462231
24.513666 40.99666
22.898 41.162
23.9992 40.8178
21.36321 39.95495
23.1502 37.383
22.48916 40.10333
20.65779 38.78893
21.0489 40.4147
27.17817 36.60233
23.9791 40.3325
23.6768 39.9363
20.7715 38.076
25.8553 39.2114
23.3539 40.8217
23.595 41.10866
21.013 37.2497
24.7194 40.6064
22.2325 39.711
23.19178 39.36598
21.2397 48.2961
20.7258 46.3501
16.7757 46.4706
20.267 47.2996
19.0201 47.4831
18.3227 47.3578
18.2605 47.3631
17.3317 47.4162
18.0999 46.0883
21.9007 47.3849
18.6436 46.215
17.5348 47.1712
19.89440001 47.91840001
16.5567 47.6807
17.8878 46.9001
22.5391 48.1304
15.9427 40.7867
9.1733 41.1269
15.233 37.9712
13.75373 37.74897
16.6041 40.9071
13.602 43.55017
12.41991 43.55846
15.54308 41.75738
11.4754 42.8519
12.94153 43.49807
11.7893 43.7967
12.6587 43.0426
12.5715 43.3666
12.26801 43.33419
12.457 43.4807
12.40663 43.38211
15.068847 38.06703
10.5956 44.0628
15.132629 41.199899
9.44782 44.76792
11.374336 43.93096
10.482 45.1071
11.76657 44.22454
10.37218 46.47616
14.5938 41.5461
15.3776 40.0783
14.142049 40.820065
15.2366 41.028
11.9663 43.3292
9.842659 43.050003
13.409 42.53578
15.816928 41.158295
16.2114 39.2534
10.8652 42.7908
11.0031 44.8658
12.7556 37.67883
14.08057 40.810901
14.1747 40.8115
15.3046 40.4896
10.210652 42.746577
16.5088 39.4027
14.0183 41.5978
12.98176 41.94903
12.9046 43.0049
12.58676 42.608486
15.954618 39.528756
14.090403 40.832942
14.90502 41.65418
13.572629 37.881475
13.1954 43.37557
13.962 37.158
13.8229 37.4639
14.089047 40.778154
15.303 40.3181
14.1818 40.8382
14.163176 40.79817
14.144606 40.819016
13.3038 37.8943
14.146981 40.829224
14.11911 40.821072
14.1625 37.4075
14.155414 40.885355
11.95167 43.61888
13.00433 37.80162
10.979505555556 43.795597222222
12.883011 43.768478
14.422303 40.821151
14.139635 40.829168
14.05785 37.93745
11.29017 43.47311
14.143963 40.826469
14.149329 40.829447
11.6497 46.04818
14.053389 40.847947
9.60668 40.31802
14.9858 37.752
15.1223 37.6335
15.0865 37.7802
14.9129 37.6863
15.0018 37.7653
14.9865 37.7437
15.121 37.882
14.9041 37.7313
15.2103 37.7896
15.05257 37.57919
15.0336 37.7912
14.9029 37.9264
15.0902 37.7357
14.9979 37.7196
15.026 37.8168
14.9703 37.679
14.945 37.498
14.9498 37.8208
15.0216 37.6314
15.0168 37.7659
15.0567 37.8113
14.9857 37.7651
15.1773 37.8204
15.1885 37.6719
14.857 37.824
15.1345 37.7551
14.8152 37.747
14.9744 37.6934
14.8794 37.6181
15.0274 37.6925
14.9469 37.7731
13.58379 42.26573
13.659995 37.328791
13.0873 43.0365
16.12807 38.45271
13.11718 42.26802
11.255134 43.774366
11.1229 44.16782
11.15622 43.20972
12.7804 46.59658
14.5665 37.7107
14.910201 41.513145
14.026023 37.990126
13.572833 42.453167
13.25458 41.55827
16.20777 38.97983
15.8179 38.1723
13.31229 41.7945
13.3352 43.0627
15.155 37.285
15.122 36.9596
15.0325 37.2831
14.872 37.3485
14.7831 36.959
15.0372 36.7085
15.222 37.0928
14.5216 36.9926
14.7155 37.1783
14.355 38.533
13.926856 40.713953
14.5753 38.5642
13.855177 40.711512
14.9483 38.4457
13.875813 40.720887
13.9046 42.01154
13.90142 40.746797
14.724807 36.912079
15.0688 38.6435
13.943825 40.746222
14.8496 38.5546
15.2304 38.7992
15.1918 38.7866
14.961 38.4096
14.9608 38.3968
13.872129 40.75909
14.9482 38.3961
14.9801 38.3763
14.986 38.396
11.804 42.6137
12.69888 41.67778
14.928733 38.083692
12.863385 35.871622
11.707267 44.07746
13.04032 42.60286
11.26226 43.30644
12.6302 35.5183
14.1832 42.0468
12.65907 41.769756
10.514 46.05492
10.6286 45.7753
10.657926 43.273245
13.433009 37.954428
12.5647 37.7532
10.858943 45.697536
12.953452 37.946147
15.8019 40.3249
11.6765 42.77861
14.731 38.1199
15.1684 40.7826
9.716 45.76972
15.127 41.7059
17.850423 40.589408
12.92242 37.79082
12.11214 42.91263
15.55352 40.1376
14.25402 41.64188
16.441 40.6044
9.2321 45.4803
15.2313 38.2713
12.97673 37.66195
15.990414 39.890961
15.158 41.37
13.8779 41.1459
12.570071 42.80387
7.9271 45.0739
16.0067 37.9531
15.3528 38.1465
14.96815 41.1227
15.703 38.162
7.06101 45.76975
15.48892 40.7564
16.1958 41.0609
15.9096 41.712
14.5916 38.0339
15.5083 38.2639
9.51739 44.31625
12.74222 42.0228
12.75932 37.89337
11.4248 44.3128
15.7515 40.2663
15.69992 38.0031
14.8739 38.043
12.5246 43.263
12.580583 43.610823
10.8987 44.8873
17.0644 40.7888
15.1367 38.0278
13.11427 42.83355
13.6857 42.935
11.1724 45.3082
16.450405 40.05096
9.9307 45.4056
11.24579 43.52358
14.39667 40.8275
14.386994 41.748856
15.9602 40.9441
14.567486 41.031206
12.2386 43.6486
12.84018 43.94105
14.1148 37.8335
11.9788 36.7942
12.0405 36.7714
12.535 43.53567
14.17989 41.200001
10.52495 43.72193
16.8158 39.48514
16.4383 38.4494
9.85365177896 44.04981775414
13.71202 41.71743
10.31311 44.76374
14.81078 41.22345
13.354 46.4075
14.034938 40.761401
13.40057 42.02193
14.529 41.3641
16.06124 40.52148
11.9729 36.8121
15.807 40.6458
8.34592 44.32425
14.3624 37.2225
12.7103 41.76039
14.0568 37.6468
12.70492 41.811928
14.1524 41.70328
14.9315 42.2364
11.0721 45.6468
12.445128 43.937695
14.7057 41.3974
11.90967 42.84906
16.3459 39.8772
10.5243 45.6183
8.913604 44.867306
13.101908 37.516469
13.74926 37.94064
14.672208 36.796216
18.4675 40.0724
11.35855 44.05428
16.6886 39.0359
14.37917 41.38667
15.30738 40.56045
15.7437 41.7546
15.365 41.135
15.8675 40.1821
15.63277 40.39
15.20908 40.92542
12.94057 43.255
13.53261 38.09193
14.335709 40.58256
12.50993 42.23696
12.78225 43.43628
15.0737 37.1577
12.7104 46.2601
15.216027 38.787368
15.217123 38.795253
15.191556 38.791058
15.215261 38.802415
15.2149 38.809615
16.33762 39.6601
11.673889 45.361667
13.60393 42.62279
12.00017 42.06406
15.51 42.123
10.90265 43.11478
14.5502 41.7666
13.9138 42.8081
13.17913 38.70787
14.2342 41.4154
8.77 45.867695
14.438636 40.818549
14.429881 40.829959
14.422496 40.806289
14.414156 40.824231
14.433985 40.826595
14.431419 40.818999
11.43431 44.188961
14.630154 41.18326
12.770183 41.750225
10.6628 45.3135
11.5327 43.9545
14.383211 40.852793
14.4242 40.8059
14.475264 40.807581
15.6163 40.9549
14.4238 40.8356
13.62324 41.86965
10.9765 44.35085
15.3331 40.9298
15.3304 40.6871
15.1804 40.8969
15.7967 40.5722
15.5361 40.8755
15.176 40.9643
15.458 40.4861
15.2292 41.0785
16.41418 38.68397
17.0614 39.3884
16.830313 39.407613
15.8572 38.0032
16.8403 39.0216
16.0099 38.2673
16.56912 39.57235
16.1322 38.5264
27.736 41.129
26.7437 41.8469
26.153 40.7362
26.5132 40.6708
25.8987 40.1908
27.3275 40.7479
26.4742 40.398
27.5238 41.6308
27.1776 40.6874
7.737046 47.714035
7.852 48.000917
9.114723 48.070235
7.917178 47.955093
8.670929 48.153181
18.9226 42.5465
14.483952 35.901233
14.22011 36.032335
13.405 42.354
17.1839 44.7488
6.678 45.052
15.8939 38.2603
15.8155 39.9938
19.9917 44.0981
19.2608 42.4297
9.4566 40.4444
16.7583 39.1794
19.8631 41.3472
13.764 45.709
9.34732 46.47223
14.3533 37.469
10.3864 44.1594
9.378 39.496
23.235 42.618
14.5242 35.8373
5.675 44.9422
5.672365 44.941426
5.653199 44.95068
5.67059 44.939439
5.666084 44.938438
13.8013 45.6589
12.924 46.245
12.5005 46.0266
12.7419 46.4258
13.2755 46.25383
15.8597222 44.8086111
17.001111 43.8227778
15.433272 48.670613
12.5123 46.7474
15.5232 47.2505
13.6383 47.6913
15.8618 47.9282
15.8588 47.9282
9.8803 47.2867
10.7291 47.0211
13.3447 47.0784
14.1317 48.0551
12.677 47.4243
14.2659 47.8495
11.1037 47.3448
13.6416 46.6299
14.5489 46.5092
10.7623 47.4871
16.2963 47.6997
14.5668 47.1132
15.0327 46.678
11.2087 47.2205
16.3461 48.6602
16.3617 48.2483
11.5763 47.3357
16.0731 48.1074
11.6363 47.2638
17.517326 40.648402
17.144 40.633
15.335283 41.514596
17.2846 40.5259
13.5137 46.548
12.0472 46.2829
13.2438 46.234
10.8187 45.683
13.0984 46.3195
12.4379 46.009
12.4448 46.3116
12.8814 46.4569
13.645 46.1733
13.0011 46.4142
11.2099 45.6378
12.6154 46.1495
12.9877 46.2408
13.1481 46.5491
13.565 46.4428
13.6336 45.9875
12.1051 45.9922
22.7075 49.6314
20.2996 49.4182
19.7984 50.2195
6.2549 43.3827
0.74017 44.9395
3.8589 47.2683
2.2175 43.3411
5.88 44.9183
8.9994 42.5483
1.51639 45.3044
13.1386 46.275
24.3537 47.0855
24.6332 45.3657
23.345 44.0201
21.137 45.3828
27.6436 46.2334
26.1029 46.9387
25.6611 46.0749
25.2002 47.644
21.6401 45.6188
22.496 47.6855
28.1362 45.178
29.289 45.4245
27.0261 44.197
25.2172 44.1343
23.7999 44.325
25.3886 45.9675
22.7111 46.7917
28.6323 44.075
22.7767 45.3933
27.9303 44.6893
24.9804 44.5281
27.5748 47.1777
26.5432 45.1187
27.7655 45.5442
25.5154 46.7059
26.8194 44.4739
23.7698 45.446
28.5876 43.8168
23.1189 46.676
24.3765 46.1497
28.8127 46.9186
25.945 45.4909
26.7368 45.8165
27.8771 45.5373
26.2952 45.4272
27.4422 46.8375
25.2919 46.2969
26.394 46.3349
27.1477 45.8723
26.9768 44.9199
26.6498 45.8512
26.6498 45.8512
22.9325 44.2782
22.6922 44.6627
27.8314 45.4702
27.9949 45.6741
23.2038 44.6609
24.9609 44.8629
26.2526 44.6777
28.0498 45.5977
26.6489 46.5118
28.8151 45.1861
28.4196 44.8565
29.7269 45.1621
27.8487 45.8996
24.4038 43.9986
28.0808 45.8443
25.0495 45.4371
26.7277 45.8657
25.3652 43.6572
11.3205 46.7285
11.3185 46.4952
11.3778 46.463
10.9436 45.9595
10.5495 46.6164
11.4118 46.9281
21.81534 42.816477
19.406053 43.865157
21.70579 43.635172
19.8098 45.1573
20.715084 43.888764
19.973146 43.261405
22.2731 48.9333
19.4678 49.1505
17.277 48.373
20.2339 49.1894
18.8361 48.494
17.1025 48.1961
15.2518 45.5043
13.7368 46.2281
14.4221 45.7381
15.4569 45.826
14.2613 46.0807
15.4695 46.1495
14.4434 45.9348
14.8101 45.5311
15.6275 45.8672
15.6245 46.0108
13.9999 46.3174
15.5018 46.461
14.0643 45.8934
14.3807 45.5278
16.2504 46.4481
15.3177 45.9488
14.5278 46.0438
14.4433 46.2941
14.9977 46.0612
15.1139 46.6365
13.5094 46.2445
14.0143 45.5464
14.8393 45.8033
14.7014 46.1016
13.8877 46.0322
15.0246 46.4342
11.1884 45.8808
10.9587 46.0835
11.67894 42.868614
8.490392 39.122956
15.988603 40.30579
15.917465 40.221487
13.444468 43.608845
10.504497 43.631413
10.516896 43.65693
10.46937 43.640408
18.9507 44.0862
25.20755 36.24909
25.28869 36.72247
14.66926 41.97351
14.96096 38.42619
11.473764 43.00582
2.872333 44.989278
18.404567 45.196685
19.044115 45.325987
19.8 45.75
20.7703554348915 45.188620289546
27.1119 48.0311
28.3517 47.4524
28.6553 46.3003
24.545 47.841
23.290622 41.285234
24.159552 41.159824
24.882464 41.149776
24.96409 40.980426
25.598931 40.868657
26.271823 41.33885
22.020757 40.784455
23.687219 40.660191
21.594281 40.48323
22.189651 40.522773
22.541959 40.470873
23.185904 40.351632
20.578799 39.900044
21.047022 39.940931
21.938318 40.041597
21.630671 39.733743
22.668355 39.728109
20.016319 39.404692
21.746351 39.235059
22.513179 39.372623
22.826363 39.089484
23.229 38.807616
22.194394 38.688703
23.410702 38.399989
24.233059 38.182439
21.14024 37.889878
21.922542 37.704209
22.577381 37.521743
22.521211 37.033063
22.987585 36.967115
22.333655 36.762178
21.851105 42.278931
20.883877 42.013111
21.989772 41.196094
22.88863 41.419066
10.928 46.5068
11.8805 46.6246
13.128 45.8193
12.621 45.6198
11.9713 45.6335
12.3182 45.3443
8.768451 45.379418
8.361122 45.622598
8.288635 45.237928
9.383602 45.137131
7.880076 44.535805
9.836959 44.873936
12.069651 44.983948
11.435935 44.660509
8.204208 40.94291
8.7798 39.7019
8.9235 38.98942
8.71566 40.23697
8.34878 40.50692
9.462162 40.814805
9.515837 39.934003
8.79956 40.789552
16.287281 45.360854
17.248394 45.417427
16.119632 46.003868
16.019522 45.843687
15.78778 45.8698396
16.24402 46.16748
16.119632 46.003868
15.4719 45.728763
16.44209 43.17475
15.84483 45.506551
15.57944 45.4075
16.90884 45.26954
16.612595 45.74821
15.697693 45.818786
16.188016 45.424458
16.27109 45.42706
16.59289 45.314612
16.590442 48.728694
16.594215 48.362882
17.053046 47.758925
16.397063 47.962876
16.205439 48.371921
15.652187 48.368663
15.958719 47.40859
15.585996 47.603986
15.406258 48.063503
14.649613 48.301372
14.758903 47.947999
15.077621 47.743667
15.085607 47.445667
15.298745 46.94884
15.825348 46.756569
14.139852 48.100199
18.220939 49.150114
18.464488 48.804489
17.104104 48.715571
17.674728 48.604392
18.335925 48.446947
18.999038 48.233339
17.789761 48.244305
18.352506 48.015155
17.655876 47.829403
15.556 44.08133
15.94117 44.10783
15.97333 43.86133
16.28067 43.82183
16.05783 43.59033
16.373 43.66433
16.582 43.8255
16.61083 43.517
16.90317 43.48583
17.21867 43.34217
17.37367 43.20667
17.61 42.98683
19.945503 40.708125
19.717809 41.636682
20.5987 40.149899
20.4408 41.6847
20.0155 40.2948
22.8692 37.8902
22.659 38.7664
23.786496 38.406639
23.5847 38.7047
23.3122 38.1642
21.138042 40.196088
21.330448 41.031993
22.306849 42.109081
21.246682 41.369637
20.792405 41.111682
21.755845 41.778615
21.434422 41.971467
22.43792 41.77559
22.564576 41.321616
20.558015 41.479627
20.51315 44.69595
22.01765 44.09043
20.152395 43.576676
21.120913 43.214253
21.215175 44.265486
19.528069 44.549344
22.125741 42.96621
8.327315 46.010724
8.4388 46.13512
8.288 45.9358
23.0203 48.338
25.06453 48.31369
23.512356 48.512074
24.16632 48.02602
24.5014 48.7106
4.072 46.9556
3.4984 46.9102
3.2459 46.6118
4.5818 46.5963
2.09028 46.5436
3.4474 46.3781
1.29683 46.1964
4.1241 46.2034
2.62999 46.1382
0.895067 45.9823
4.06484 45.829
1.24299 45.7452
1.96176 45.5812
4.04177 45.4815
1.07452 45.2653
3.97047 45.2732
2.2587 45.1452
2.80704 44.9672
1.77448 44.9441
1.24643 44.9309
4.4516 44.892
3.80177 44.6463
3.3398 44.7343
1.54271 44.6604
2.07924 44.603
4.57487 44.514
2.58325 44.3963
3.12946 44.2662
3.58737 44.2059
1.6665 44.0562
4.528 44.0515
2.59704 44.0114
2.2613 43.8033
3.35195 43.7276
2.69165 43.5512
27.66911 43.11949
27.1933 43.68857
27.70896 43.62874
26.93805 43.13219
26.46095 42.83369
27.19934 42.60374
23.6368 42.9913
24.4924 42.9658
24.7644 42.5995
25.3314 42.5315
25.8048 42.413
26.25492 42.06144
26.78039 42.11819
27.72937 42.08762
22.8315 42.2887
23.524799 42.047798
23.9861 42.1927
24.1448 41.7661
25.8063 41.5204
25.95611 43.71763
22.7977 43.88
23.1161 43.4054
24.0802 43.6474
25.5778 42.0457
28.87704 44.76593
22.68422 49.063854
22.536529 49.377962
22.896893 50.021673
23.228785 50.239687
22.120825 49.259841
22.137023 49.593843
22.404111 49.943115
22.676623 50.376297
21.405213 49.641672
21.889923 49.904536
22.117163 50.229965
21.929433 50.579161
20.923406 49.596788
21.069613 49.879362
21.476158 50.231028
21.3554771 50.5923974
20.30111 49.600797
20.5063206 49.9698008
20.94424 50.283043
19.8706428 49.5583546
20.0736794 49.835914
20.323381 50.233895
19.004227 49.723945
19.17382 50.19022
18.708992 49.902233
17.694362 50.144238
18.354499 50.069663
19.861766 49.294
18.99225 50.29087
19.605 49.9073
23.7148 46.235
25.3083 46.9461
23.87571 44.77653
27.4472 45.0784
24.31363 44.98011
22.3387 47.3108
27.1288 46.342
20.9038 45.7162
21.7779 45.1565
22.8129 44.9836
25.59964 44.58287
24.79191 43.82988
22.2469 46.4082
24.39825 44.31383
26.57504 44.1142
25.4752 45.0282
23.2152 45.6326
23.3159 45.1523
22.0971 45.3879
21.8528 46.6164
24.8165 45.7651
23.7265 45.8661
20.6203 45.8832
21.5762 45.9792
22.5343 46.0243
27.1065 46.8187
24.5292 46.8359
24.9958 46.1461
25.6904 47.2109
21.3114 46.2776
23.8246 47.2213
26.6592 47.2784
22.9964 46.4139
25.8536 46.394
25.124 47.3403
24.4502 47.4602
25.8787 47.6846
26.646 47.7358
26.052 46.624
25.6837 45.2178
27.3155 45.5384
27.247 46.612
25.97432 44.22279
23.4355 43.6898
14.99364 48.93337
14.07072 48.46082
14.41648 47.52074
14.551554 46.933176
14.00737 46.8159
13.949906 47.094808
13.76105 47.43007
13.5612 47.8277
13.49746 48.42719
13.125997 47.479741
13.07875 46.90914
12.64199 47.160486
12.308427 47.378903
14.1494 49.6168
14.0739 49.2705
14.7074 49.2288
14.9288 49.684
15.0341 50.0752
15.6502 50.061
15.6077 49.6959
15.7007 48.9434
16.1962 49.4392
16.1457 49.8528
16.8893 49.7049
17.2919 49.4305
17.092 49.1521
9.656632 48.126633
11.849163 47.752801
11.003359 47.683648
12.391497 47.869337
12.975 48.2928
12.47666 48.509432
16.70589 47.28327
17.148597 46.952098
16.520261 46.864247
17.314765 46.640763
17.289686 46.159675
17.795495 46.424445
18.264761 46.525589
18.481994 46.946341
18.834197 47.154749
18.965496 46.744449
17.81597 45.916386
10.733358 48.165076
19.548644 42.346311
19.396256 41.408543
20.004754 41.601527
19.561664 41.007329
20.391578 40.705436
19.75824 40.088959
20.678901 40.899572
20.102453 41.105004
18.53895 42.9015
19.7699 50.1167
19.8105 50.0162
19.9698 49.9093
20.0818 49.7469
20.2179 49.6558
20.2481 49.5126
20.2689 49.4611
20.297 49.3358
20.2717 49.2716
20.2821 49.1637
20.322 49.0345
20.2652 48.9167
20.2836 48.7901
20.3406 48.7117
20.4674 48.6363
20.5208 48.5567
20.5399 48.3421
20.511 48.2191
19.1844 42.1866
21.4378 42.4605
21.219657 42.65881
19.6202 47.3446
20.525 48.1222
19.5997 47.9038
19.4386 46.8138
21.137 47.5518
20.5675 46.7123
21.9143 47.9812
17.9238 47.4313
18.3824 47.6386
19.0186 47.8452
21.1677 47.9245
20.826788 47.182768
20.0345 46.9877
20.079 46.4475
19.729025 46.332947
19.130978 46.327959
20.255839 47.640487
21.158993 46.909806
20.5374 48.4955
20.401716 42.073023
19.5152 42.8505
19.880726 42.845988
19.121894 43.155736
19.357467 43.350204
18.50915 42.45971
18.952912 42.766997
20.278331 42.642563
20.758149 42.210768
19.95867 42.59444
18.80446 49.47437
19.3039 49.45482
18.86106 49.1745
19.13803 48.86676
19.14271 48.50926
19.75251 48.9247
19.71261 48.56895
20.18784 48.84852
19.99421 48.3175
20.69957 49.31546
20.742376 49.00075
20.51141 48.70615
21.24357 49.41712
21.23942 49.20663
21.174 48.91368
21.93277 49.24889
21.60924 49.21382
21.99737 49.01312
21.72127 48.61993
20.9378 42.8728
19.2497 41.96337
20.6231 42.4481
9.761312 46.047153
15.161949 48.348264
18.96271 43.62646
18.42409 43.87458
17.688522 43.821239
17.793517 43.348317
18.585392 43.169517
18.446322 43.502236
18.036111 43.751114
18.008219 44.235739
16.615556 44.785611
17.165691 44.068548
16.531313 44.481844
17.157294 44.393089
16.320242 44.890764
17.657208 44.513557
18.464769 45.058136
18.089228 44.726258
18.551372 44.383708
18.997248 44.770368
19.093175 44.398208
17.662483 45.092811
19.52794 49.918193
13.30632 48.12299
14.2845 48.864
17.8278 49.3655
11.923009 48.307253
19.994596 39.425709
4.03865 45.5103
27.1086 46.332
25.9404 47.6838
27.4333 45.45
16.527617 46.864238
20.249584 47.638953
