21.3836 40.7817
23.290622 41.285234
24.159552 41.159824
24.882541 41.149814
24.96409 40.980426
25.599302 40.869004
26.271823 41.33885
22.020757 40.784455
23.687219 40.660191
21.594281 40.48323
22.190157 40.522627
22.541959 40.470873
23.185904 40.351632
20.578799 39.900044
21.047022 39.940931
21.938318 40.041597
21.630671 39.733743
22.668355 39.728109
21.746351 39.235059
22.513179 39.372623
22.826363 39.089484
23.229 38.807616
22.285317 38.700733
23.455375 38.42562
24.233059 38.182439
21.301392 37.777048
21.922542 37.704209
22.577381 37.521743
22.586834 37.01819
22.987585 36.967115
22.333655 36.762178
19.994596 39.425709
21.13842 40.19588
21.3239 41.0194
22.3068 42.1091
21.2489 41.3689
21.849651345566894 42.27799470203299
20.884605124824322 42.01285060445374
22.037044353969986 41.38505550894588
22.88656786772321 41.422470939201425
20.7989 41.1114
21.7531 41.7795
21.4396 41.9721
22.4382 41.7754
22.5701 41.3211
20.5571 41.4788
