18.403475 45.673236
18.810751 45.869268
18.404567 45.196685
19.044115 45.325987
16.020298 48.740379
16.079254 47.073329
15.585996 47.603986
16.590442 48.728694
16.594215 48.362882
17.053046 47.758925
16.396784 47.962882
16.205468 48.37198
15.652187 48.368663
15.958719 47.40859
15.406258 48.063503
15.161949 48.348264
14.649613 48.301372
14.758903 47.947999
15.077621 47.743667
15.085607 47.445667
15.298745 46.94884
15.825348 46.756569
14.140075 48.100292
18.220939 49.150114
18.464488 48.804489
17.104104 48.715571
17.674728 48.604392
18.335925 48.446947
18.999038 48.233339
17.789761 48.244305
18.352505999999998 48.015155
17.655876 47.829403
16.287281 45.360854
17.248394 45.417427
16.119632 46.003868
15.78778 45.8698396
16.24402 46.16748
15.4719 45.728763
15.57944 45.4075
15.84483 45.506551
15.57944 45.4075
16.90884 45.26954
16.612595 45.74821
15.697693 45.818786
16.188016 45.424458
16.27109 45.42706
16.59289 45.314612
