4.072 46.9556
3.4984 46.9102
3.2459 46.6118
4.5818 46.5963
2.09028 46.5436
3.4474 46.3781
1.29683 46.1964
4.1241 46.2034
2.62999 46.1382
0.895067 45.9823
4.06484 45.829
1.24299 45.7452
1.96176 45.5812
4.04177 45.4815
1.07452 45.2653
3.97047 45.2732
2.2587 45.1452
2.80704 44.9672
1.77448 44.9441
1.24643 44.9309
4.4516 44.892
3.80177 44.6463
3.3398 44.7343
1.54271 44.6604
2.07924 44.603
4.57487 44.514
2.58325 44.3963
3.12946 44.2662
3.58737 44.2059
1.6665 44.0562
4.528 44.0515
2.59704 44.0114
2.2613 43.8033
3.35195 43.7276
2.69165 43.5512
4.03865 45.5103
