19.945503 40.708125
19.717809 41.636682
20.5987 40.149899
20.4408 41.6847
20.0094 40.2947
17.248394 45.417427
16.119632 46.003868
16.019522 45.843687
15.78778 45.8698396
16.24402 46.16748
17.61774 43.09579
15.4719 45.728763
15.57944 45.4075
15.84483 45.506551
15.57944 45.4075
16.90884 45.26954
16.109827 45.68373
16.612595 45.74821
15.697693 45.818786
16.188016 45.424458
16.27109 45.42706
16.59289 45.314612
16.287281 45.360854
18.312352 42.6007
18.290872 42.53046
22.8692 37.8902
22.659 38.7664
23.786496 38.406639
23.5847 38.7047
23.3122 38.1642
21.138042 40.196088
21.330448 41.031993
22.306849 42.109081
21.246682 41.369637
20.792405 41.111682
21.755845 41.778615
21.434422 41.971467
22.43792 41.77559
22.564576 41.321616
20.558015 41.479627
20.51315 44.69595
22.01765 44.09043
20.152395 43.576676
19.8 45.75
20.7703554348915 45.188620289546
21.120913 43.214253
21.215175 44.265486
19.528069 44.549344
22.125741 42.96621
8.327315 46.010724
8.4388 46.13512
8.288 45.9358
