25.06454 48.3137
27.1119 48.0311
28.3517 47.4524
28.6553 46.3003
23.51239 48.51207
23.45661 48.19759
24.16624 48.02591
24.545 47.841
22.62305 49.01619
27.669172 43.1195367
27.1932163 43.6885834
27.7089688 43.6287568
26.9381081 43.1321836
26.4608157 42.8336613
27.1993406 42.6037396
23.63689 42.991448
24.49 42.96
24.76 42.59
25.331197 42.531642
25.804958 42.413133
26.2548328 42.0614521
26.7803679 42.1181898
27.72946 42.0875621
22.831374 42.288958
23.524965 42.047733
23.988035 42.192493
24.145215 41.766003
25.807248 41.520753
25.9562249 43.7176294
22.797826 43.879918
23.116078 43.405501
24.0802 43.6474
25.5778 42.0457
28.877099 44.7659321
22.6842196 49.0638537
22.536529 49.377962
22.896893 50.0216728
23.228785 50.2396867
22.120825 49.259841
22.137023 49.593843
22.404111 49.943115
22.6766233 50.3762967
21.405213 49.641672
21.889923 49.9045362
22.1171633 50.229965
21.929433 50.579161
20.923406 49.596788
21.069613 49.879362
21.4761583 50.2310283
21.3554771 50.5923974
20.30111 49.600797
20.5063206 49.9698008
20.94424 50.283043
19.8706428 49.5583546
20.0736794 49.835914
20.323381 50.233895
19.004227 49.723945
19.173745 50.1902236
18.708992 49.902233
17.6944065 50.1442223
18.35449907 50.06966281
19.861766 49.294
18.99225 50.29087
19.605 49.9073
23.7148 46.235
25.3083 46.9461
23.8756133 44.7765142
27.4472 45.0784
24.3136466 44.9801045
22.3387 47.3108
27.123 46.35
20.9038 45.7162
21.7778656 45.1564886
22.8129 44.9836
25.599565 44.5828828
24.7919302 43.8298535
22.2469 46.4082
24.3981961 44.3138567
26.574984 44.1142259
25.4752 45.0282
23.2152 45.63263
23.31579 45.15239
22.0971517 45.3875322
21.8528 46.6164
24.8165 45.7651
23.7265 45.8661
20.6203 45.8832
21.5762 45.9792
22.53426 46.02433
27.1065 46.8187
24.529245 46.835861
24.995758 46.146149
25.690418 47.210884
21.3114 46.2776
23.8246 47.2213
26.6592 47.2784
22.9964 46.4139
25.8537 46.3941
25.123985 47.340267
24.4502 47.4602
25.940386 47.683804
26.646 47.7358
26.0556 46.6205
25.6834 45.2178
27.4389 45.4599
27.2557 46.6206
25.9743289 44.2228719
23.4355 43.6898
19.52794 49.918193
