14.993574 48.934141
14.732612 48.634316
14.070468 48.460861
14.416341 47.520995
14.551274 46.933264
14.007304 46.815741
13.949906 47.094808
13.761081 47.430144
13.561024 47.82783
13.497524 48.427019
13.306443 48.122971
13.125995 47.479792
13.078006 46.911289
12.64199 47.160486
12.30854 47.37898
14.1494 49.6168
14.0739 49.2705
14.7074 49.2288
14.9288 49.684
15.0341 50.0752
15.6502 50.061
15.6077 49.6959
15.7007 48.9434
16.1962 49.4392
16.1457 49.8528
16.8893 49.7049
17.29109 49.43025
17.092 49.1521
9.656586 48.126633
11.849 47.7528
11.0032 47.6836
12.396 47.8673
12.975 48.2928
12.4605 48.478
16.70589 47.28327
17.148597 46.952098
16.527617 46.864238
17.314765 46.640763
17.289686 46.159675
17.795495 46.424445
18.264761 46.525589
18.481994 46.946341
18.834197 47.154749
18.965496 46.744449
17.81597 45.916386
10.7334 48.1651
11.9233 48.3067
19.5427 42.332
19.4388 41.4097
20.1028 41.105
19.5617 41.0072
20.3935 40.7066
19.7583 40.0889
20.0053 41.6019
20.6997 40.8844
19.4197 40.3272
18.54394 42.90072
19.1844 42.1866
21.4378 42.4605
21.2197 42.6588
18.49836 42.44749
19.6203 47.3447
20.525 48.1222
19.5997 47.9039
19.4386 46.8138
21.1376 47.5514
20.5675 46.7123
21.9143 47.9811
17.9238 47.4313
18.3824 47.6386
19.0186 47.8452
21.1677 47.9245
20.826788 47.182768
20.0345 46.9877
20.079 46.4475
19.729025 46.332947
19.131118999999998 46.327828
20.2496 47.6389
21.159 46.9099
20.5374 48.4955
20.4113 42.0756
19.5153 42.8503
21.253291 42.284527
19.880931 42.845794
19.934983 42.590722
19.121008 43.155433
18.998170000000002 42.81285
19.39426 43.32987
20.75812 42.21076
18.80446 49.47437
19.3038986 49.4548228
18.86106 49.1745
19.13803 48.86676
19.14271 48.50926
19.75251 48.9247
19.7126 48.5689
20.18784 48.84852
19.99421 48.3175
20.69957 49.31546
20.742376 49.00075
20.51141 48.70615
21.23942 49.20663
21.174 48.91368
21.93277 49.24889
21.60924 49.21382
21.99737 49.01312
21.72127 48.61993
20.9378 42.8728
21.24357 49.41712
19.2497 41.96337
20.6231 42.4481
