27.66911 43.11949
27.19934 42.60374
26.25492 42.06144
27.72937 42.08762
22.536529 49.377962
22.137023 49.593843
22.676623 50.376297
21.405213 49.641672
22.117163 50.229965
21.069613 49.879362
21.3554771 50.5923974
20.30111 49.600797
20.5063206 49.9698008
20.94424 50.283043
19.8706428 49.5583546
19.004227 49.723945
19.52794 49.918193
19.17382 50.19022
17.694362 50.144238
18.354499 50.069663
19.861766 49.294
18.99225 50.29087
19.605 49.9073
25.97432 44.22279
14.1494 49.6168
14.7074 49.2288
14.9288 49.684
15.0341 50.0752
15.6502 50.061
15.6077 49.6959
15.7007 48.9434
16.1962 49.4392
16.1457 49.8528
16.8893 49.7049
17.2919 49.4305
17.092 49.1521
