26.9747 45.3801
28.4128 44.4581
24.3537 47.0855
23.345 44.0201
21.137 45.3828
27.6436 46.2334
25.6611 46.0749
22.496 47.6855
29.289 45.4245
27.0261 44.197
23.7999 44.325
25.3886 45.9675
28.6323 44.075
22.7767 45.3933
27.9303 44.6893
24.9804 44.5281
25.5154 46.7059
26.8194 44.4739
23.7698 45.446
28.5876 43.8168
24.3765 46.1497
25.945 45.4909
26.7368 45.8165
26.2952 45.4272
27.4422 46.8375
27.1477 45.8723
26.6498 45.8512
26.6498 45.8512
22.6922 44.6627
27.9949 45.6741
23.2038 44.6609
24.9609 44.8629
28.0498 45.5977
26.6489 46.5118
28.8151 45.1861
29.7269 45.1621
27.8487 45.8996
28.0808 45.8443
25.0495 45.4371
26.7277 45.8657
25.3652 43.6572
23.7148 46.235
25.3083 46.9461
27.4472 45.0784
22.3387 47.3108
27.1288 46.342
20.9038 45.7162
22.2469 46.4082
25.4752 45.0282
23.2152 45.6326
21.8528 46.6164
24.8165 45.7651
23.7265 45.8661
20.6203 45.8832
21.5762 45.9792
22.5343 46.0243
27.1065 46.8187
24.5292 46.8359
24.9958 46.1461
25.6904 47.2109
21.3114 46.2776
23.8246 47.2213
26.6592 47.2784
22.9964 46.4139
25.8536 46.394
25.124 47.3403
24.4502 47.4602
25.8787 47.6846
26.646 47.7358
26.052 46.624
25.6837 45.2178
27.3155 45.5384
27.247 46.612
25.97432 44.22279
27.1086 46.332
25.9404 47.6838
27.4333 45.45
