25.2167 47.6147
25.2175 47.6326
28.0624 44.3207
27.3351 44.6102
26.7099 45.5481
23.4969 47.6728
21.7856 47.0902
25.1805 47.633
23.5981 46.7133
22.898 45.887
26.5009 46.9551
22.416 44.881
27.8009 44.1168
21.7128 44.7815
22.9494 47.1499
28.4224 44.1779
26.2337 47.3552
27.8302 45.5007
22.1246 45.754
24.5222 46.5284
28.0467 44.5445
24.273 45.652
27.6687 45.5939
27.7911 46.6415
26.609 48.2073
27.408 46.0605
21.663 46.2653
23.1189 46.676
25.2919 46.2969
26.9768 44.9199
28.87704 44.76593
25.59964 44.58287
24.39825 44.31383
