19.6203 47.3447
20.525 48.1222
19.5997 47.9039
19.4784 46.8123
21.1376 47.5514
20.5675 46.7123
21.9143 47.9811
17.9238 47.4313
18.3824 47.6386
19.0186 47.8452
20.5374 48.4955
14.1494 49.6168
14.0739 49.2705
14.7074 49.2288
14.9288 49.6840
15.0341 50.0752
15.6502 50.0610
15.6077 49.6959
15.7007 48.9434
16.1962 49.4392
16.1457 49.8528
16.8893 49.7049
17.29109 49.43025
17.092 49.1521
17.8278 49.3655
18.80446 49.47437
19.303899 49.454823
18.86106 49.1745
19.13803 48.86676
19.14271 48.50926
19.75251 48.9247
19.7126 48.5689
20.18784 48.84852
19.99421 48.3175
20.69957 49.31546
20.742376 49.00075
20.51141 48.70615
21.23942 49.20663
21.174 48.91368
21.93277 49.24889
21.60924 49.21382
21.99737 49.01312
21.72127 48.61993
20.233900 49.189400
21.24357 49.41712
14.993574 48.934141
14.070468 48.460861
14.416341 47.520995
14.551274 46.933264
14.007304 46.815741
13.949906 47.094808
13.761081 47.430144
13.561024 47.82783
13.497524 48.427019
13.306443 48.122971
13.125995 47.479792
13.078006 46.911289
12.64199 47.160486
12.30854 47.37898
9.656586 48.126633
11.849 47.7528
11.0032 47.6836
12.396 47.8673
12.975 48.2928
12.4605 48.478
10.7334 48.1651
11.9233 48.3067
16.70589 47.28327
17.148597 46.952098
16.527617 46.864238
17.314765 46.640763
17.289686 46.159675
17.795495 46.424445
18.264761 46.525589
18.481994 46.946341
18.834197 47.154749
18.965496 46.744449
17.81597 45.916386
19.729025 46.332947
19.131119 46.327828
20.2496 47.6389
21.159 46.9099
22.68422 49.063854
22.536529 49.377962
22.896893 50.021673
23.228785 50.239687
22.120825 49.259841
22.137023 49.593843
22.404111 49.943115
22.676623 50.376297
21.405213 49.641672
21.889923 49.904536
22.117163 50.229965
21.929433 50.579161
20.923406 49.596788
21.069613 49.879362
21.476158 50.231028
21.355477 50.592397
20.30111 49.600797
20.506321 49.969801
20.94424 50.283043
19.870643 49.558355
20.073679 49.835914
20.323381 50.233895
19.004227 49.723945
19.173745 50.190224
18.708992 49.902233
17.694407 50.144222
18.354499 50.069663
19.861766 49.294000
16.590442 48.728694
16.594215 48.362882
17.053046 47.758925
16.396784 47.962882
16.205468 48.37198
15.652187 48.368663
15.958719 47.40859
15.585996 47.603986
15.406258 48.063503
15.161949 48.348264
14.649613 48.301372
14.758903 47.947999
15.077621 47.743667
15.085607 47.445667
15.298745 46.94884
15.825348 46.756569
14.140075 48.100292
18.220939 49.150114
18.464488 48.804489
17.104104 48.715571
17.674728 48.604392
18.335925 48.446947
18.999038 48.233339
17.789761 48.244305
18.352506 48.015155
17.655876 47.829403
