8.775046335952268,			37.479038
9.34215408642486,			37.115997
10.476369587370037,			37.659885
11.724006638409733,			37.930306
12.744800589260397,			38.110018
13.76559454011106,			38.289274
14.672966940867202,			38.378729
15.35349624143431,			37.930306
16.034025542001416,			37.840279
16.374290192284974,			38.289274
16.601133292474007,			38.557296
16.714554842568525,			38.824281
16.487711742379492,			39.178638
15.920603991906898,			39.531128
15.240074691339789,			39.794263
14.559545390772684,			40.056337
14.105859190394611,			40.40411
13.538751439922024,			40.577283
12.858222139354915,			40.836147
12.177692838787806,			41.008124
11.383741988126182,			41.008124
10.589791137464555,			41.093932
10.249526487181,			41.008124
10.022683386991964,			40.749978
10.022683386991964,			40.143459
9.90926183689745,			39.618957
9.68241873670841,			39.001692
9.568997186613895,			38.46807
9.11531098623582,			37.930306
8.775046335952268,			37.479038
