34.682808568922134,			41.286554
33.44794174083497,			41.066085
32.93946716456379,			40.955552
32.4309925882926,			40.84482
31.922518012021413,			40.84482
31.26876498538703,			40.84482
30.687651183934243,			40.84482
30.179176607663052,			40.84482
29.67070203139187,			40.84482
29.162227455120686,			40.900211
28.726392104031092,			40.900211
28.21791752775991,			40.955552
27.63680372630712,			40.84482
26.983050699672752,			40.73389
26.401936898219965,			40.622761
25.74818387158558,			40.511435
25.23970929531439,			40.399911
24.7312347190432,			40.232255
24.29539936795362,			39.951844
24.00484246722722,			39.67021
23.714285566500834,			39.444024
23.64164634131923,			39.387356
23.64164634131923,			39.217061
23.859564016864034,			39.046331
24.15012091759042,			38.760817
24.36803859313521,			38.474105
24.65859549386161,			38.128476
24.949152394588005,			37.839151
25.167070070132795,			37.490409
25.312348520495995,			37.373788
25.457626970859188,			37.315407
25.675544646403985,			37.315407
26.18401922267517,			37.373788
26.47457612340156,			37.373788
26.619854573764755,			37.315407
26.765133024127955,			37.25698
26.983050699672752,			37.022809
27.200968375217535,			36.670171
27.418886050762325,			36.315887
27.63680372630712,			36.019405
27.927360627033515,			35.602447
28.145278302578305,			35.183316
28.435835203304705,			34.822354
28.653752878849495,			34.520361
29.016949004757493,			34.034953
29.888619706936666,			33.608009
35.62711849628291,			33.240442
34.682808568922134,			41.286554
