8.09451703538516,			36.907958
9.001889436141301,			37.362757
9.68241873670841,			37.724578
10.362948037275519,			37.994754
11.15689888793715,			38.263906
11.95084973859877,			38.532027
12.744800589260397,			38.710198
13.538751439922024,			38.532027
14.332702290583644,			38.62117
15.013231591150756,			38.263906
15.580339341623343,			37.81475
15.126653141245274,			37.362757
14.446123840678169,			37.362757
13.879016090205578,			36.999141
13.085065239543951,			37.272021
12.404535938976842,			36.999141
11.724006638409733,			36.72526
10.930055787748106,			36.450384
10.136104937086483,			36.174521
8.775046335952268,			36.174521
8.09451703538516,			36.907958
