-2.0446304895887826,			38.950207
-1.375174422643175,			39.212009
-0.7894003640657701,			39.212009
-0.2873083138565651,			39.2773
0.38214775308904336,			39.342527
0.9679218116664483,			39.472789
1.5536958702438532,			39.537824
2.13946992882126,			39.667701
2.641561979030465,			39.862033
3.22733603760787,			40.055784
3.813110096185275,			40.184627
4.315202146394483,			40.120238
5.235704238444692,			39.862033
5.235704238444692,			39.081235
4.649930179867283,			38.225022
3.5620640710806732,			37.759587
2.0557879204530582,			37.492258
0.7168757865618467,			37.156712
-0.45467233059296497,			36.75204
-2.2119945063251825,			36.684383
-2.0446304895887826,			38.950207
