-2.0000009230269367,			42.70132
-1.2060500723653114,			42.450439
-0.6389423218927188,			42.19846
0.04158697867438654,			42.029865
0.6086947291469738,			41.945385
1.1758024796195663,			42.029865
1.5160671299031208,			42.114223
2.083174880375708,			42.114223
2.763704180942817,			42.029865
3.330811931415406,			41.945385
3.2173903813208877,			42.366567
2.4234395306592624,			42.784702
1.2892240297140827,			42.951101
0.3818516289579392,			42.951101
-0.5255207717982024,			43.117009
-2.0000009230269367,			43.529632
-2.0000009230269367,			42.70132
