-1.8865793729324203,			43.611788
-0.5255207717982024,			43.282427
0.2684300788634193,			43.117009
0.8355378293360118,			43.034116
1.6294886799976371,			43.117009
2.083174880375708,			43.034116
2.6502826308483005,			42.951101
2.763704180942817,			43.364951
2.9905472811318514,			43.693821
3.557655031604442,			43.693821
3.6710765816989603,			43.447353
3.330811931415406,			43.117009
2.9905472811318514,			42.784702
1.8563317801866717,			42.534188
1.0623809295250481,			42.534188
0.15500852876890292,			42.617815
-0.5255207717982024,			42.784702
-1.3194716224598313,			42.951101
-2.340265573310491,			43.034116
-1.8865793729324203,			43.611788
